1 0 0 0 0 0 0 0 0 1
0 1 0 0 0 0 0 0 0 2
0 0 1 0 0 0 0 0 0 4
0 0 0 1 0 0 0 0 0 8
0 0 0 0 1 0 0 0 0 16
0 0 0 0 0 1 0 0 0 32
0 0 0 0 0 0 1 0 0 64
0 0 0 0 0 0 0 1 0 128
0 0 0 0 0 0 0 0 1 256
2 2 2 1 0 0 0 0 0 9
2 2 2 0 1 0 0 0 0 16
2 2 2 0 0 1 0 0 0 32
2 2 2 0 0 0 1 0 0 64
2 2 2 0 0 0 0 1 0 128
2 2 2 0 0 0 0 0 1 256
2 2 1 2 0 0 0 0 0 4
2 2 1 0 2 0 0 0 0 4
2 2 1 0 0 2 0 0 0 4
2 2 1 0 0 0 2 0 0 4
2 2 1 0 0 0 0 2 0 4
2 2 1 0 0 0 0 0 2 4
2 1 2 2 0 0 0 0 0 18
2 1 2 0 2 0 0 0 0 2
2 1 2 0 0 2 0 0 0 2
2 1 2 0 0 0 2 0 0 2
2 1 2 0 0 0 0 2 0 2
2 1 2 0 0 0 0 0 2 2
2 0 2 2 1 0 0 0 0 18
2 0 2 1 2 0 0 0 0 8
2 0 1 2 2 0 0 0 0 36
2 0 0 2 2 1 0 0 0 36
2 0 0 2 1 2 0 0 0 16
2 0 0 1 2 2 0 0 0 72
2 0 0 0 2 2 1 0 0 72
2 0 0 0 2 1 2 0 0 32
2 0 0 0 1 2 2 0 0 144
2 0 0 0 0 2 2 1 0 144
2 0 0 0 0 2 1 2 0 64
2 0 0 0 0 1 2 2 0 288
2 0 0 0 0 0 2 2 1 288
2 0 0 0 0 0 2 1 2 128
2 0 0 0 0 0 1 2 2 64
1 2 2 2 0 0 0 0 0 9
1 2 2 0 2 0 0 0 0 9
1 2 2 0 0 2 0 0 0 9
1 2 2 0 0 0 2 0 0 9
1 2 2 0 0 0 0 2 0 9
1 2 2 0 0 0 0 0 2 9
1 0 2 2 2 0 0 0 0 1
1 0 0 2 2 2 0 0 0 1
1 0 0 0 2 2 2 0 0 1
1 0 0 0 0 2 2 2 0 1
1 0 0 0 0 0 2 2 2 1
0 2 2 2 1 0 0 0 0 18
0 2 2 2 0 1 0 0 0 32
0 2 2 2 0 0 1 0 0 64
0 2 2 2 0 0 0 1 0 128
0 2 2 2 0 0 0 0 1 256
0 2 2 1 2 0 0 0 0 9
0 2 2 1 0 2 0 0 0 9
0 2 2 1 0 0 2 0 0 9
0 2 2 1 0 0 0 2 0 9
0 2 2 1 0 0 0 0 2 9
0 2 1 2 2 0 0 0 0 36
0 2 1 2 0 2 0 0 0 4
0 2 1 2 0 0 2 0 0 4
0 2 1 2 0 0 0 2 0 4
0 2 1 2 0 0 0 0 2 4
0 2 0 2 2 1 0 0 0 36
0 2 0 2 1 2 0 0 0 16
0 2 0 1 2 2 0 0 0 72
0 2 0 0 2 2 1 0 0 72
0 2 0 0 2 1 2 0 0 32
0 2 0 0 1 2 2 0 0 144
0 2 0 0 0 2 2 1 0 144
0 2 0 0 0 2 1 2 0 64
0 2 0 0 0 1 2 2 0 288
0 2 0 0 0 0 2 2 1 288
0 2 0 0 0 0 2 1 2 128
0 2 0 0 0 0 1 2 2 64
0 1 2 2 2 0 0 0 0 18
0 1 2 2 0 2 0 0 0 18
0 1 2 2 0 0 2 0 0 18
0 1 2 2 0 0 0 2 0 18
0 1 2 2 0 0 0 0 2 18
0 1 0 2 2 2 0 0 0 2
0 1 0 0 2 2 2 0 0 2
0 1 0 0 0 2 2 2 0 2
0 1 0 0 0 0 2 2 2 2
0 0 2 2 2 1 0 0 0 36
0 0 2 2 2 0 1 0 0 64
0 0 2 2 2 0 0 1 0 128
0 0 2 2 2 0 0 0 1 256
0 0 2 2 1 2 0 0 0 18
0 0 2 2 1 0 2 0 0 18
0 0 2 2 1 0 0 2 0 18
0 0 2 2 1 0 0 0 2 18
0 0 2 1 2 2 0 0 0 72
0 0 2 1 2 0 2 0 0 8
0 0 2 1 2 0 0 2 0 8
0 0 2 1 2 0 0 0 2 8
0 0 2 0 2 2 1 0 0 72
0 0 2 0 2 1 2 0 0 32
0 0 2 0 1 2 2 0 0 144
0 0 2 0 0 2 2 1 0 144
0 0 2 0 0 2 1 2 0 64
0 0 2 0 0 1 2 2 0 288
0 0 2 0 0 0 2 2 1 288
0 0 2 0 0 0 2 1 2 128
0 0 2 0 0 0 1 2 2 64
0 0 1 2 2 2 0 0 0 36
0 0 1 2 2 0 2 0 0 36
0 0 1 2 2 0 0 2 0 36
0 0 1 2 2 0 0 0 2 36
0 0 1 0 2 2 2 0 0 4
0 0 1 0 0 2 2 2 0 4
0 0 1 0 0 0 2 2 2 4
0 0 0 2 2 2 1 0 0 72
0 0 0 2 2 2 0 1 0 128
0 0 0 2 2 2 0 0 1 256
0 0 0 2 2 1 2 0 0 36
0 0 0 2 2 1 0 2 0 36
0 0 0 2 2 1 0 0 2 36
0 0 0 2 1 2 2 0 0 144
0 0 0 2 1 2 0 2 0 16
0 0 0 2 1 2 0 0 2 16
0 0 0 2 0 2 2 1 0 144
0 0 0 2 0 2 1 2 0 64
0 0 0 2 0 1 2 2 0 288
0 0 0 2 0 0 2 2 1 288
0 0 0 2 0 0 2 1 2 128
0 0 0 2 0 0 1 2 2 64
0 0 0 1 2 2 2 0 0 72
0 0 0 1 2 2 0 2 0 72
0 0 0 1 2 2 0 0 2 72
0 0 0 1 0 2 2 2 0 8
0 0 0 1 0 0 2 2 2 8
0 0 0 0 2 2 2 1 0 144
0 0 0 0 2 2 2 0 1 256
0 0 0 0 2 2 1 2 0 72
0 0 0 0 2 2 1 0 2 72
0 0 0 0 2 1 2 2 0 288
0 0 0 0 2 1 2 0 2 32
0 0 0 0 2 0 2 2 1 288
0 0 0 0 2 0 2 1 2 128
0 0 0 0 2 0 1 2 2 64
0 0 0 0 1 2 2 2 0 144
0 0 0 0 1 2 2 0 2 144
0 0 0 0 1 0 2 2 2 16
0 0 0 0 0 2 2 2 1 288
0 0 0 0 0 2 2 1 2 144
0 0 0 0 0 2 1 2 2 64
0 0 0 0 0 1 2 2 2 288
2 2 2 2 2 2 1 0 0 73
2 2 2 2 2 2 0 1 0 128
2 2 2 2 2 2 0 0 1 256
2 2 2 2 2 1 2 0 0 36
2 2 2 2 2 1 0 2 0 36
2 2 2 2 2 1 0 0 2 36
2 2 2 2 1 2 2 0 0 144
2 2 2 2 1 2 0 2 0 16
2 2 2 2 1 2 0 0 2 16
2 2 2 2 0 2 2 1 0 144
2 2 2 2 0 2 1 2 0 64
2 2 2 2 0 1 2 2 0 288
2 2 2 2 0 0 2 2 1 288
2 2 2 2 0 0 2 1 2 128
2 2 2 2 0 0 1 2 2 64
2 2 2 1 2 2 2 0 0 73
2 2 2 1 2 2 0 2 0 72
2 2 2 1 2 2 0 0 2 72
2 2 2 1 0 2 2 2 0 9
2 2 2 1 0 0 2 2 2 9
2 2 2 0 2 2 2 1 0 144
2 2 2 0 2 2 2 0 1 256
2 2 2 0 2 2 1 2 0 72
2 2 2 0 2 2 1 0 2 72
2 2 2 0 2 1 2 2 0 288
2 2 2 0 2 1 2 0 2 32
2 2 2 0 2 0 2 2 1 288
2 2 2 0 2 0 2 1 2 128
2 2 2 0 2 0 1 2 2 64
2 2 2 0 1 2 2 2 0 144
2 2 2 0 1 2 2 0 2 144
2 2 2 0 1 0 2 2 2 16
2 2 2 0 0 2 2 2 1 288
2 2 2 0 0 2 2 1 2 144
2 2 2 0 0 2 1 2 2 64
2 2 2 0 0 1 2 2 2 288
2 2 1 2 2 2 2 0 0 4
2 2 1 2 2 2 0 2 0 4
2 2 1 2 2 2 0 0 2 4
2 2 1 2 0 2 2 2 0 4
2 2 1 2 0 0 2 2 2 4
2 2 1 0 2 2 2 2 0 4
2 2 1 0 2 2 2 0 2 4
2 2 1 0 2 0 2 2 2 4
2 2 1 0 0 2 2 2 2 4
2 1 2 2 2 2 2 0 0 146
2 1 2 2 2 2 0 2 0 2
2 1 2 2 2 2 0 0 2 2
2 1 2 2 0 2 2 2 0 18
2 1 2 2 0 0 2 2 2 18
2 1 2 0 2 2 2 2 0 2
2 1 2 0 2 2 2 0 2 2
2 1 2 0 2 0 2 2 2 2
2 1 2 0 0 2 2 2 2 2
2 0 2 2 2 2 2 1 0 146
2 0 2 2 2 2 1 2 0 64
2 0 2 2 2 1 2 2 0 288
2 0 2 2 2 0 2 2 1 288
2 0 2 2 2 0 2 1 2 128
2 0 2 2 2 0 1 2 2 64
2 0 2 2 1 2 2 2 0 18
2 0 2 2 1 0 2 2 2 18
2 0 2 1 2 2 2 2 0 8
2 0 2 1 2 0 2 2 2 8
2 0 1 2 2 2 2 2 0 292
2 0 1 2 2 0 2 2 2 36
2 0 0 2 2 2 2 2 1 292
2 0 0 2 2 2 2 1 2 128
2 0 0 2 2 2 1 2 2 64
2 0 0 2 2 1 2 2 2 36
2 0 0 2 1 2 2 2 2 16
2 0 0 1 2 2 2 2 2 72
1 2 2 2 2 2 2 0 0 73
1 2 2 2 2 2 0 2 0 73
1 2 2 2 2 2 0 0 2 73
1 2 2 2 0 2 2 2 0 9
1 2 2 2 0 0 2 2 2 9
1 2 2 0 2 2 2 2 0 9
1 2 2 0 2 2 2 0 2 9
1 2 2 0 2 0 2 2 2 9
1 2 2 0 0 2 2 2 2 9
1 0 2 2 2 2 2 2 0 1
1 0 2 2 2 0 2 2 2 1
1 0 0 2 2 2 2 2 2 1
0 2 2 2 2 2 2 1 0 146
0 2 2 2 2 2 2 0 1 256
0 2 2 2 2 2 1 2 0 73
0 2 2 2 2 2 1 0 2 73
0 2 2 2 2 1 2 2 0 288
0 2 2 2 2 1 2 0 2 32
0 2 2 2 2 0 2 2 1 288
0 2 2 2 2 0 2 1 2 128
0 2 2 2 2 0 1 2 2 64
0 2 2 2 1 2 2 2 0 146
0 2 2 2 1 2 2 0 2 144
0 2 2 2 1 0 2 2 2 18
0 2 2 2 0 2 2 2 1 288
0 2 2 2 0 2 2 1 2 144
0 2 2 2 0 2 1 2 2 64
0 2 2 2 0 1 2 2 2 288
0 2 2 1 2 2 2 2 0 9
0 2 2 1 2 2 2 0 2 9
0 2 2 1 2 0 2 2 2 9
0 2 2 1 0 2 2 2 2 9
0 2 1 2 2 2 2 2 0 292
0 2 1 2 2 2 2 0 2 4
0 2 1 2 2 0 2 2 2 36
0 2 1 2 0 2 2 2 2 4
0 2 0 2 2 2 2 2 1 292
0 2 0 2 2 2 2 1 2 128
0 2 0 2 2 2 1 2 2 64
0 2 0 2 2 1 2 2 2 36
0 2 0 2 1 2 2 2 2 16
0 2 0 1 2 2 2 2 2 72
0 1 2 2 2 2 2 2 0 146
0 1 2 2 2 2 2 0 2 146
0 1 2 2 2 0 2 2 2 18
0 1 2 2 0 2 2 2 2 18
0 1 0 2 2 2 2 2 2 2
0 0 2 2 2 2 2 2 1 292
0 0 2 2 2 2 2 1 2 146
0 0 2 2 2 2 1 2 2 64
0 0 2 2 2 1 2 2 2 292
0 0 2 2 1 2 2 2 2 18
0 0 2 1 2 2 2 2 2 72
0 0 1 2 2 2 2 2 2 292
