1 0 0 0 0 0 0 0 0 1
0 1 0 0 0 0 0 0 0 2
0 0 1 0 0 0 0 0 0 4
0 0 0 1 0 0 0 0 0 8
0 0 0 0 1 0 0 0 0 16
0 0 0 0 0 1 0 0 0 32
0 0 0 0 0 0 1 0 0 64
0 0 0 0 0 0 0 1 0 128
0 0 0 0 0 0 0 0 1 256
2 1 0 0 0 0 0 0 0 2
2 0 1 0 0 0 0 0 0 4
2 0 0 1 0 0 0 0 0 8
2 0 0 0 1 0 0 0 0 16
2 0 0 0 0 1 0 0 0 32
2 0 0 0 0 0 1 0 0 64
2 0 0 0 0 0 0 1 0 128
2 0 0 0 0 0 0 0 1 256
1 2 0 0 0 0 0 0 0 1
1 0 2 0 0 0 0 0 0 1
1 0 0 2 0 0 0 0 0 1
1 0 0 0 2 0 0 0 0 1
1 0 0 0 0 2 0 0 0 1
1 0 0 0 0 0 2 0 0 1
1 0 0 0 0 0 0 2 0 1
1 0 0 0 0 0 0 0 2 1
0 2 1 0 0 0 0 0 0 4
0 2 0 1 0 0 0 0 0 8
0 2 0 0 1 0 0 0 0 16
0 2 0 0 0 1 0 0 0 32
0 2 0 0 0 0 1 0 0 64
0 2 0 0 0 0 0 1 0 128
0 2 0 0 0 0 0 0 1 256
0 1 2 0 0 0 0 0 0 2
0 1 0 2 0 0 0 0 0 2
0 1 0 0 2 0 0 0 0 2
0 1 0 0 0 2 0 0 0 2
0 1 0 0 0 0 2 0 0 2
0 1 0 0 0 0 0 2 0 2
0 1 0 0 0 0 0 0 2 2
0 0 2 1 0 0 0 0 0 8
0 0 2 0 1 0 0 0 0 16
0 0 2 0 0 1 0 0 0 32
0 0 2 0 0 0 1 0 0 64
0 0 2 0 0 0 0 1 0 128
0 0 2 0 0 0 0 0 1 256
0 0 1 2 0 0 0 0 0 4
0 0 1 0 2 0 0 0 0 4
0 0 1 0 0 2 0 0 0 4
0 0 1 0 0 0 2 0 0 4
0 0 1 0 0 0 0 2 0 4
0 0 1 0 0 0 0 0 2 4
0 0 0 2 1 0 0 0 0 16
0 0 0 2 0 1 0 0 0 32
0 0 0 2 0 0 1 0 0 64
0 0 0 2 0 0 0 1 0 128
0 0 0 2 0 0 0 0 1 256
0 0 0 1 2 0 0 0 0 8
0 0 0 1 0 2 0 0 0 8
0 0 0 1 0 0 2 0 0 8
0 0 0 1 0 0 0 2 0 8
0 0 0 1 0 0 0 0 2 8
0 0 0 0 2 1 0 0 0 32
0 0 0 0 2 0 1 0 0 64
0 0 0 0 2 0 0 1 0 128
0 0 0 0 2 0 0 0 1 256
0 0 0 0 1 2 0 0 0 16
0 0 0 0 1 0 2 0 0 16
0 0 0 0 1 0 0 2 0 16
0 0 0 0 1 0 0 0 2 16
0 0 0 0 0 2 1 0 0 64
0 0 0 0 0 2 0 1 0 128
0 0 0 0 0 2 0 0 1 256
0 0 0 0 0 1 2 0 0 32
0 0 0 0 0 1 0 2 0 32
0 0 0 0 0 1 0 0 2 32
0 0 0 0 0 0 2 1 0 128
0 0 0 0 0 0 2 0 1 256
0 0 0 0 0 0 1 2 0 64
0 0 0 0 0 0 1 0 2 64
0 0 0 0 0 0 0 2 1 256
0 0 0 0 0 0 0 1 2 128
2 2 1 0 0 0 0 0 0 4
2 2 0 1 0 0 0 0 0 8
2 2 0 0 1 0 0 0 0 16
2 2 0 0 0 1 0 0 0 32
2 2 0 0 0 0 1 0 0 64
2 2 0 0 0 0 0 1 0 128
2 2 0 0 0 0 0 0 1 256
2 1 2 0 0 0 0 0 0 2
2 1 0 2 0 0 0 0 0 2
2 1 0 0 2 0 0 0 0 2
2 1 0 0 0 2 0 0 0 2
2 1 0 0 0 0 2 0 0 2
2 1 0 0 0 0 0 2 0 2
2 1 0 0 0 0 0 0 2 2
2 0 2 1 0 0 0 0 0 8
2 0 2 0 1 0 0 0 0 16
2 0 2 0 0 1 0 0 0 32
2 0 2 0 0 0 1 0 0 64
2 0 2 0 0 0 0 1 0 128
2 0 2 0 0 0 0 0 1 256
2 0 1 2 0 0 0 0 0 4
2 0 1 0 2 0 0 0 0 4
2 0 1 0 0 2 0 0 0 4
2 0 1 0 0 0 2 0 0 4
2 0 1 0 0 0 0 2 0 4
2 0 1 0 0 0 0 0 2 4
2 0 0 2 1 0 0 0 0 16
2 0 0 2 0 1 0 0 0 32
2 0 0 2 0 0 1 0 0 64
2 0 0 2 0 0 0 1 0 128
2 0 0 2 0 0 0 0 1 256
2 0 0 1 2 0 0 0 0 8
2 0 0 1 0 2 0 0 0 8
2 0 0 1 0 0 2 0 0 8
2 0 0 1 0 0 0 2 0 8
2 0 0 1 0 0 0 0 2 8
2 0 0 0 2 1 0 0 0 32
2 0 0 0 2 0 1 0 0 64
2 0 0 0 2 0 0 1 0 128
2 0 0 0 2 0 0 0 1 256
2 0 0 0 1 2 0 0 0 16
2 0 0 0 1 0 2 0 0 16
2 0 0 0 1 0 0 2 0 16
2 0 0 0 1 0 0 0 2 16
2 0 0 0 0 2 1 0 0 64
2 0 0 0 0 2 0 1 0 128
2 0 0 0 0 2 0 0 1 256
2 0 0 0 0 1 2 0 0 32
2 0 0 0 0 1 0 2 0 32
2 0 0 0 0 1 0 0 2 32
2 0 0 0 0 0 2 1 0 128
2 0 0 0 0 0 2 0 1 256
2 0 0 0 0 0 1 2 0 64
2 0 0 0 0 0 1 0 2 64
2 0 0 0 0 0 0 2 1 256
2 0 0 0 0 0 0 1 2 128
1 2 2 0 0 0 0 0 0 1
1 2 0 2 0 0 0 0 0 1
1 2 0 0 2 0 0 0 0 1
1 2 0 0 0 2 0 0 0 1
1 2 0 0 0 0 2 0 0 1
1 2 0 0 0 0 0 2 0 1
1 2 0 0 0 0 0 0 2 1
1 0 2 2 0 0 0 0 0 1
1 0 2 0 2 0 0 0 0 1
1 0 2 0 0 2 0 0 0 1
1 0 2 0 0 0 2 0 0 1
1 0 2 0 0 0 0 2 0 1
1 0 2 0 0 0 0 0 2 1
1 0 0 2 2 0 0 0 0 1
1 0 0 2 0 2 0 0 0 1
1 0 0 2 0 0 2 0 0 1
1 0 0 2 0 0 0 2 0 1
1 0 0 2 0 0 0 0 2 1
1 0 0 0 2 2 0 0 0 1
1 0 0 0 2 0 2 0 0 1
1 0 0 0 2 0 0 2 0 1
1 0 0 0 2 0 0 0 2 1
1 0 0 0 0 2 2 0 0 1
1 0 0 0 0 2 0 2 0 1
1 0 0 0 0 2 0 0 2 1
1 0 0 0 0 0 2 2 0 1
1 0 0 0 0 0 2 0 2 1
1 0 0 0 0 0 0 2 2 1
0 2 2 1 0 0 0 0 0 8
0 2 2 0 1 0 0 0 0 16
0 2 2 0 0 1 0 0 0 32
0 2 2 0 0 0 1 0 0 64
0 2 2 0 0 0 0 1 0 128
0 2 2 0 0 0 0 0 1 256
0 2 1 2 0 0 0 0 0 4
0 2 1 0 2 0 0 0 0 4
0 2 1 0 0 2 0 0 0 4
0 2 1 0 0 0 2 0 0 4
0 2 1 0 0 0 0 2 0 4
0 2 1 0 0 0 0 0 2 4
0 2 0 2 1 0 0 0 0 16
0 2 0 2 0 1 0 0 0 32
0 2 0 2 0 0 1 0 0 64
0 2 0 2 0 0 0 1 0 128
0 2 0 2 0 0 0 0 1 256
0 2 0 1 2 0 0 0 0 8
0 2 0 1 0 2 0 0 0 8
0 2 0 1 0 0 2 0 0 8
0 2 0 1 0 0 0 2 0 8
0 2 0 1 0 0 0 0 2 8
0 2 0 0 2 1 0 0 0 32
0 2 0 0 2 0 1 0 0 64
0 2 0 0 2 0 0 1 0 128
0 2 0 0 2 0 0 0 1 256
0 2 0 0 1 2 0 0 0 16
0 2 0 0 1 0 2 0 0 16
0 2 0 0 1 0 0 2 0 16
0 2 0 0 1 0 0 0 2 16
0 2 0 0 0 2 1 0 0 64
0 2 0 0 0 2 0 1 0 128
0 2 0 0 0 2 0 0 1 256
0 2 0 0 0 1 2 0 0 32
0 2 0 0 0 1 0 2 0 32
0 2 0 0 0 1 0 0 2 32
0 2 0 0 0 0 2 1 0 128
0 2 0 0 0 0 2 0 1 256
0 2 0 0 0 0 1 2 0 64
0 2 0 0 0 0 1 0 2 64
0 2 0 0 0 0 0 2 1 256
0 2 0 0 0 0 0 1 2 128
0 1 2 2 0 0 0 0 0 2
0 1 2 0 2 0 0 0 0 2
0 1 2 0 0 2 0 0 0 2
0 1 2 0 0 0 2 0 0 2
0 1 2 0 0 0 0 2 0 2
0 1 2 0 0 0 0 0 2 2
0 1 0 2 2 0 0 0 0 2
0 1 0 2 0 2 0 0 0 2
0 1 0 2 0 0 2 0 0 2
0 1 0 2 0 0 0 2 0 2
0 1 0 2 0 0 0 0 2 2
0 1 0 0 2 2 0 0 0 2
0 1 0 0 2 0 2 0 0 2
0 1 0 0 2 0 0 2 0 2
0 1 0 0 2 0 0 0 2 2
0 1 0 0 0 2 2 0 0 2
0 1 0 0 0 2 0 2 0 2
0 1 0 0 0 2 0 0 2 2
0 1 0 0 0 0 2 2 0 2
0 1 0 0 0 0 2 0 2 2
0 1 0 0 0 0 0 2 2 2
0 0 2 2 1 0 0 0 0 16
0 0 2 2 0 1 0 0 0 32
0 0 2 2 0 0 1 0 0 64
0 0 2 2 0 0 0 1 0 128
0 0 2 2 0 0 0 0 1 256
0 0 2 1 2 0 0 0 0 8
0 0 2 1 0 2 0 0 0 8
0 0 2 1 0 0 2 0 0 8
0 0 2 1 0 0 0 2 0 8
0 0 2 1 0 0 0 0 2 8
0 0 2 0 2 1 0 0 0 32
0 0 2 0 2 0 1 0 0 64
0 0 2 0 2 0 0 1 0 128
0 0 2 0 2 0 0 0 1 256
0 0 2 0 1 2 0 0 0 16
0 0 2 0 1 0 2 0 0 16
0 0 2 0 1 0 0 2 0 16
0 0 2 0 1 0 0 0 2 16
0 0 2 0 0 2 1 0 0 64
0 0 2 0 0 2 0 1 0 128
0 0 2 0 0 2 0 0 1 256
0 0 2 0 0 1 2 0 0 32
0 0 2 0 0 1 0 2 0 32
0 0 2 0 0 1 0 0 2 32
0 0 2 0 0 0 2 1 0 128
0 0 2 0 0 0 2 0 1 256
0 0 2 0 0 0 1 2 0 64
0 0 2 0 0 0 1 0 2 64
0 0 2 0 0 0 0 2 1 256
0 0 2 0 0 0 0 1 2 128
0 0 1 2 2 0 0 0 0 4
0 0 1 2 0 2 0 0 0 4
0 0 1 2 0 0 2 0 0 4
0 0 1 2 0 0 0 2 0 4
0 0 1 2 0 0 0 0 2 4
0 0 1 0 2 2 0 0 0 4
0 0 1 0 2 0 2 0 0 4
0 0 1 0 2 0 0 2 0 4
0 0 1 0 2 0 0 0 2 4
0 0 1 0 0 2 2 0 0 4
0 0 1 0 0 2 0 2 0 4
0 0 1 0 0 2 0 0 2 4
0 0 1 0 0 0 2 2 0 4
0 0 1 0 0 0 2 0 2 4
0 0 1 0 0 0 0 2 2 4
0 0 0 2 2 1 0 0 0 32
0 0 0 2 2 0 1 0 0 64
0 0 0 2 2 0 0 1 0 128
0 0 0 2 2 0 0 0 1 256
0 0 0 2 1 2 0 0 0 16
0 0 0 2 1 0 2 0 0 16
0 0 0 2 1 0 0 2 0 16
0 0 0 2 1 0 0 0 2 16
0 0 0 2 0 2 1 0 0 64
0 0 0 2 0 2 0 1 0 128
0 0 0 2 0 2 0 0 1 256
0 0 0 2 0 1 2 0 0 32
0 0 0 2 0 1 0 2 0 32
0 0 0 2 0 1 0 0 2 32
0 0 0 2 0 0 2 1 0 128
0 0 0 2 0 0 2 0 1 256
0 0 0 2 0 0 1 2 0 64
0 0 0 2 0 0 1 0 2 64
0 0 0 2 0 0 0 2 1 256
0 0 0 2 0 0 0 1 2 128
0 0 0 1 2 2 0 0 0 8
0 0 0 1 2 0 2 0 0 8
0 0 0 1 2 0 0 2 0 8
0 0 0 1 2 0 0 0 2 8
0 0 0 1 0 2 2 0 0 8
0 0 0 1 0 2 0 2 0 8
0 0 0 1 0 2 0 0 2 8
0 0 0 1 0 0 2 2 0 8
0 0 0 1 0 0 2 0 2 8
0 0 0 1 0 0 0 2 2 8
0 0 0 0 2 2 1 0 0 64
0 0 0 0 2 2 0 1 0 128
0 0 0 0 2 2 0 0 1 256
0 0 0 0 2 1 2 0 0 32
0 0 0 0 2 1 0 2 0 32
0 0 0 0 2 1 0 0 2 32
0 0 0 0 2 0 2 1 0 128
0 0 0 0 2 0 2 0 1 256
0 0 0 0 2 0 1 2 0 64
0 0 0 0 2 0 1 0 2 64
0 0 0 0 2 0 0 2 1 256
0 0 0 0 2 0 0 1 2 128
0 0 0 0 1 2 2 0 0 16
0 0 0 0 1 2 0 2 0 16
0 0 0 0 1 2 0 0 2 16
0 0 0 0 1 0 2 2 0 16
0 0 0 0 1 0 2 0 2 16
0 0 0 0 1 0 0 2 2 16
0 0 0 0 0 2 2 1 0 128
0 0 0 0 0 2 2 0 1 256
0 0 0 0 0 2 1 2 0 64
0 0 0 0 0 2 1 0 2 64
0 0 0 0 0 2 0 2 1 256
0 0 0 0 0 2 0 1 2 128
0 0 0 0 0 1 2 2 0 32
0 0 0 0 0 1 2 0 2 32
0 0 0 0 0 1 0 2 2 32
0 0 0 0 0 0 2 2 1 256
0 0 0 0 0 0 2 1 2 128
0 0 0 0 0 0 1 2 2 64
2 2 2 1 0 0 0 0 0 8
2 2 2 0 1 0 0 0 0 16
2 2 2 0 0 1 0 0 0 32
2 2 2 0 0 0 1 0 0 64
2 2 2 0 0 0 0 1 0 128
2 2 2 0 0 0 0 0 1 256
2 2 1 2 0 0 0 0 0 4
2 2 1 0 2 0 0 0 0 4
2 2 1 0 0 2 0 0 0 4
2 2 1 0 0 0 2 0 0 4
2 2 1 0 0 0 0 2 0 4
2 2 1 0 0 0 0 0 2 4
2 2 0 2 1 0 0 0 0 16
2 2 0 2 0 1 0 0 0 32
2 2 0 2 0 0 1 0 0 64
2 2 0 2 0 0 0 1 0 128
2 2 0 2 0 0 0 0 1 256
2 2 0 1 2 0 0 0 0 8
2 2 0 1 0 2 0 0 0 8
2 2 0 1 0 0 2 0 0 8
2 2 0 1 0 0 0 2 0 8
2 2 0 1 0 0 0 0 2 8
2 2 0 0 2 1 0 0 0 32
2 2 0 0 2 0 1 0 0 64
2 2 0 0 2 0 0 1 0 128
2 2 0 0 2 0 0 0 1 256
2 2 0 0 1 2 0 0 0 16
2 2 0 0 1 0 2 0 0 16
2 2 0 0 1 0 0 2 0 16
2 2 0 0 1 0 0 0 2 16
2 2 0 0 0 2 1 0 0 64
2 2 0 0 0 2 0 1 0 128
2 2 0 0 0 2 0 0 1 256
2 2 0 0 0 1 2 0 0 32
2 2 0 0 0 1 0 2 0 32
2 2 0 0 0 1 0 0 2 32
2 2 0 0 0 0 2 1 0 128
2 2 0 0 0 0 2 0 1 256
2 2 0 0 0 0 1 2 0 64
2 2 0 0 0 0 1 0 2 64
2 2 0 0 0 0 0 2 1 256
2 2 0 0 0 0 0 1 2 128
2 1 2 2 0 0 0 0 0 2
2 1 2 0 2 0 0 0 0 2
2 1 2 0 0 2 0 0 0 2
2 1 2 0 0 0 2 0 0 2
2 1 2 0 0 0 0 2 0 2
2 1 2 0 0 0 0 0 2 2
2 1 0 2 2 0 0 0 0 2
2 1 0 2 0 2 0 0 0 2
2 1 0 2 0 0 2 0 0 2
2 1 0 2 0 0 0 2 0 2
2 1 0 2 0 0 0 0 2 2
2 1 0 0 2 2 0 0 0 2
2 1 0 0 2 0 2 0 0 2
2 1 0 0 2 0 0 2 0 2
2 1 0 0 2 0 0 0 2 2
2 1 0 0 0 2 2 0 0 2
2 1 0 0 0 2 0 2 0 2
2 1 0 0 0 2 0 0 2 2
2 1 0 0 0 0 2 2 0 2
2 1 0 0 0 0 2 0 2 2
2 1 0 0 0 0 0 2 2 2
2 0 2 2 1 0 0 0 0 16
2 0 2 2 0 1 0 0 0 32
2 0 2 2 0 0 1 0 0 64
2 0 2 2 0 0 0 1 0 128
2 0 2 2 0 0 0 0 1 256
2 0 2 1 2 0 0 0 0 8
2 0 2 1 0 2 0 0 0 8
2 0 2 1 0 0 2 0 0 8
2 0 2 1 0 0 0 2 0 8
2 0 2 1 0 0 0 0 2 8
2 0 2 0 2 1 0 0 0 32
2 0 2 0 2 0 1 0 0 64
2 0 2 0 2 0 0 1 0 128
2 0 2 0 2 0 0 0 1 256
2 0 2 0 1 2 0 0 0 16
2 0 2 0 1 0 2 0 0 16
2 0 2 0 1 0 0 2 0 16
2 0 2 0 1 0 0 0 2 16
2 0 2 0 0 2 1 0 0 64
2 0 2 0 0 2 0 1 0 128
2 0 2 0 0 2 0 0 1 256
2 0 2 0 0 1 2 0 0 32
2 0 2 0 0 1 0 2 0 32
2 0 2 0 0 1 0 0 2 32
2 0 2 0 0 0 2 1 0 128
2 0 2 0 0 0 2 0 1 256
2 0 2 0 0 0 1 2 0 64
2 0 2 0 0 0 1 0 2 64
2 0 2 0 0 0 0 2 1 256
2 0 2 0 0 0 0 1 2 128
2 0 1 2 2 0 0 0 0 4
2 0 1 2 0 2 0 0 0 4
2 0 1 2 0 0 2 0 0 4
2 0 1 2 0 0 0 2 0 4
2 0 1 2 0 0 0 0 2 4
2 0 1 0 2 2 0 0 0 4
2 0 1 0 2 0 2 0 0 4
2 0 1 0 2 0 0 2 0 4
2 0 1 0 2 0 0 0 2 4
2 0 1 0 0 2 2 0 0 4
2 0 1 0 0 2 0 2 0 4
2 0 1 0 0 2 0 0 2 4
2 0 1 0 0 0 2 2 0 4
2 0 1 0 0 0 2 0 2 4
2 0 1 0 0 0 0 2 2 4
2 0 0 2 2 1 0 0 0 32
2 0 0 2 2 0 1 0 0 64
2 0 0 2 2 0 0 1 0 128
2 0 0 2 2 0 0 0 1 256
2 0 0 2 1 2 0 0 0 16
2 0 0 2 1 0 2 0 0 16
2 0 0 2 1 0 0 2 0 16
2 0 0 2 1 0 0 0 2 16
2 0 0 2 0 2 1 0 0 64
2 0 0 2 0 2 0 1 0 128
2 0 0 2 0 2 0 0 1 256
2 0 0 2 0 1 2 0 0 32
2 0 0 2 0 1 0 2 0 32
2 0 0 2 0 1 0 0 2 32
2 0 0 2 0 0 2 1 0 128
2 0 0 2 0 0 2 0 1 256
2 0 0 2 0 0 1 2 0 64
2 0 0 2 0 0 1 0 2 64
2 0 0 2 0 0 0 2 1 256
2 0 0 2 0 0 0 1 2 128
2 0 0 1 2 2 0 0 0 8
2 0 0 1 2 0 2 0 0 8
2 0 0 1 2 0 0 2 0 8
2 0 0 1 2 0 0 0 2 8
2 0 0 1 0 2 2 0 0 8
2 0 0 1 0 2 0 2 0 8
2 0 0 1 0 2 0 0 2 8
2 0 0 1 0 0 2 2 0 8
2 0 0 1 0 0 2 0 2 8
2 0 0 1 0 0 0 2 2 8
2 0 0 0 2 2 1 0 0 64
2 0 0 0 2 2 0 1 0 128
2 0 0 0 2 2 0 0 1 256
2 0 0 0 2 1 2 0 0 32
2 0 0 0 2 1 0 2 0 32
2 0 0 0 2 1 0 0 2 32
2 0 0 0 2 0 2 1 0 128
2 0 0 0 2 0 2 0 1 256
2 0 0 0 2 0 1 2 0 64
2 0 0 0 2 0 1 0 2 64
2 0 0 0 2 0 0 2 1 256
2 0 0 0 2 0 0 1 2 128
2 0 0 0 1 2 2 0 0 16
2 0 0 0 1 2 0 2 0 16
2 0 0 0 1 2 0 0 2 16
2 0 0 0 1 0 2 2 0 16
2 0 0 0 1 0 2 0 2 16
2 0 0 0 1 0 0 2 2 16
2 0 0 0 0 2 2 1 0 128
2 0 0 0 0 2 2 0 1 256
2 0 0 0 0 2 1 2 0 64
2 0 0 0 0 2 1 0 2 64
2 0 0 0 0 2 0 2 1 256
2 0 0 0 0 2 0 1 2 128
2 0 0 0 0 1 2 2 0 32
2 0 0 0 0 1 2 0 2 32
2 0 0 0 0 1 0 2 2 32
2 0 0 0 0 0 2 2 1 256
2 0 0 0 0 0 2 1 2 128
2 0 0 0 0 0 1 2 2 64
1 2 2 2 0 0 0 0 0 1
1 2 2 0 2 0 0 0 0 1
1 2 2 0 0 2 0 0 0 1
1 2 2 0 0 0 2 0 0 1
1 2 2 0 0 0 0 2 0 1
1 2 2 0 0 0 0 0 2 1
1 2 0 2 2 0 0 0 0 1
1 2 0 2 0 2 0 0 0 1
1 2 0 2 0 0 2 0 0 1
1 2 0 2 0 0 0 2 0 1
1 2 0 2 0 0 0 0 2 1
1 2 0 0 2 2 0 0 0 1
1 2 0 0 2 0 2 0 0 1
1 2 0 0 2 0 0 2 0 1
1 2 0 0 2 0 0 0 2 1
1 2 0 0 0 2 2 0 0 1
1 2 0 0 0 2 0 2 0 1
1 2 0 0 0 2 0 0 2 1
1 2 0 0 0 0 2 2 0 1
1 2 0 0 0 0 2 0 2 1
1 2 0 0 0 0 0 2 2 1
1 0 2 2 2 0 0 0 0 1
1 0 2 2 0 2 0 0 0 1
1 0 2 2 0 0 2 0 0 1
1 0 2 2 0 0 0 2 0 1
1 0 2 2 0 0 0 0 2 1
1 0 2 0 2 2 0 0 0 1
1 0 2 0 2 0 2 0 0 1
1 0 2 0 2 0 0 2 0 1
1 0 2 0 2 0 0 0 2 1
1 0 2 0 0 2 2 0 0 1
1 0 2 0 0 2 0 2 0 1
1 0 2 0 0 2 0 0 2 1
1 0 2 0 0 0 2 2 0 1
1 0 2 0 0 0 2 0 2 1
1 0 2 0 0 0 0 2 2 1
1 0 0 2 2 2 0 0 0 1
1 0 0 2 2 0 2 0 0 1
1 0 0 2 2 0 0 2 0 1
1 0 0 2 2 0 0 0 2 1
1 0 0 2 0 2 2 0 0 1
1 0 0 2 0 2 0 2 0 1
1 0 0 2 0 2 0 0 2 1
1 0 0 2 0 0 2 2 0 1
1 0 0 2 0 0 2 0 2 1
1 0 0 2 0 0 0 2 2 1
1 0 0 0 2 2 2 0 0 1
1 0 0 0 2 2 0 2 0 1
1 0 0 0 2 2 0 0 2 1
1 0 0 0 2 0 2 2 0 1
1 0 0 0 2 0 2 0 2 1
1 0 0 0 2 0 0 2 2 1
1 0 0 0 0 2 2 2 0 1
1 0 0 0 0 2 2 0 2 1
1 0 0 0 0 2 0 2 2 1
1 0 0 0 0 0 2 2 2 1
0 2 2 2 1 0 0 0 0 16
0 2 2 2 0 1 0 0 0 32
0 2 2 2 0 0 1 0 0 64
0 2 2 2 0 0 0 1 0 128
0 2 2 2 0 0 0 0 1 256
0 2 2 1 2 0 0 0 0 8
0 2 2 1 0 2 0 0 0 8
0 2 2 1 0 0 2 0 0 8
0 2 2 1 0 0 0 2 0 8
0 2 2 1 0 0 0 0 2 8
0 2 2 0 2 1 0 0 0 32
0 2 2 0 2 0 1 0 0 64
0 2 2 0 2 0 0 1 0 128
0 2 2 0 2 0 0 0 1 256
0 2 2 0 1 2 0 0 0 16
0 2 2 0 1 0 2 0 0 16
0 2 2 0 1 0 0 2 0 16
0 2 2 0 1 0 0 0 2 16
0 2 2 0 0 2 1 0 0 64
0 2 2 0 0 2 0 1 0 128
0 2 2 0 0 2 0 0 1 256
0 2 2 0 0 1 2 0 0 32
0 2 2 0 0 1 0 2 0 32
0 2 2 0 0 1 0 0 2 32
0 2 2 0 0 0 2 1 0 128
0 2 2 0 0 0 2 0 1 256
0 2 2 0 0 0 1 2 0 64
0 2 2 0 0 0 1 0 2 64
0 2 2 0 0 0 0 2 1 256
0 2 2 0 0 0 0 1 2 128
0 2 1 2 2 0 0 0 0 4
0 2 1 2 0 2 0 0 0 4
0 2 1 2 0 0 2 0 0 4
0 2 1 2 0 0 0 2 0 4
0 2 1 2 0 0 0 0 2 4
0 2 1 0 2 2 0 0 0 4
0 2 1 0 2 0 2 0 0 4
0 2 1 0 2 0 0 2 0 4
0 2 1 0 2 0 0 0 2 4
0 2 1 0 0 2 2 0 0 4
0 2 1 0 0 2 0 2 0 4
0 2 1 0 0 2 0 0 2 4
0 2 1 0 0 0 2 2 0 4
0 2 1 0 0 0 2 0 2 4
0 2 1 0 0 0 0 2 2 4
0 2 0 2 2 1 0 0 0 32
0 2 0 2 2 0 1 0 0 64
0 2 0 2 2 0 0 1 0 128
0 2 0 2 2 0 0 0 1 256
0 2 0 2 1 2 0 0 0 16
0 2 0 2 1 0 2 0 0 16
0 2 0 2 1 0 0 2 0 16
0 2 0 2 1 0 0 0 2 16
0 2 0 2 0 2 1 0 0 64
0 2 0 2 0 2 0 1 0 128
0 2 0 2 0 2 0 0 1 256
0 2 0 2 0 1 2 0 0 32
0 2 0 2 0 1 0 2 0 32
0 2 0 2 0 1 0 0 2 32
0 2 0 2 0 0 2 1 0 128
0 2 0 2 0 0 2 0 1 256
0 2 0 2 0 0 1 2 0 64
0 2 0 2 0 0 1 0 2 64
0 2 0 2 0 0 0 2 1 256
0 2 0 2 0 0 0 1 2 128
0 2 0 1 2 2 0 0 0 8
0 2 0 1 2 0 2 0 0 8
0 2 0 1 2 0 0 2 0 8
0 2 0 1 2 0 0 0 2 8
0 2 0 1 0 2 2 0 0 8
0 2 0 1 0 2 0 2 0 8
0 2 0 1 0 2 0 0 2 8
0 2 0 1 0 0 2 2 0 8
0 2 0 1 0 0 2 0 2 8
0 2 0 1 0 0 0 2 2 8
0 2 0 0 2 2 1 0 0 64
0 2 0 0 2 2 0 1 0 128
0 2 0 0 2 2 0 0 1 256
0 2 0 0 2 1 2 0 0 32
0 2 0 0 2 1 0 2 0 32
0 2 0 0 2 1 0 0 2 32
0 2 0 0 2 0 2 1 0 128
0 2 0 0 2 0 2 0 1 256
0 2 0 0 2 0 1 2 0 64
0 2 0 0 2 0 1 0 2 64
0 2 0 0 2 0 0 2 1 256
0 2 0 0 2 0 0 1 2 128
0 2 0 0 1 2 2 0 0 16
0 2 0 0 1 2 0 2 0 16
0 2 0 0 1 2 0 0 2 16
0 2 0 0 1 0 2 2 0 16
0 2 0 0 1 0 2 0 2 16
0 2 0 0 1 0 0 2 2 16
0 2 0 0 0 2 2 1 0 128
0 2 0 0 0 2 2 0 1 256
0 2 0 0 0 2 1 2 0 64
0 2 0 0 0 2 1 0 2 64
0 2 0 0 0 2 0 2 1 256
0 2 0 0 0 2 0 1 2 128
0 2 0 0 0 1 2 2 0 32
0 2 0 0 0 1 2 0 2 32
0 2 0 0 0 1 0 2 2 32
0 2 0 0 0 0 2 2 1 256
0 2 0 0 0 0 2 1 2 128
0 2 0 0 0 0 1 2 2 64
0 1 2 2 2 0 0 0 0 2
0 1 2 2 0 2 0 0 0 2
0 1 2 2 0 0 2 0 0 2
0 1 2 2 0 0 0 2 0 2
0 1 2 2 0 0 0 0 2 2
0 1 2 0 2 2 0 0 0 2
0 1 2 0 2 0 2 0 0 2
0 1 2 0 2 0 0 2 0 2
0 1 2 0 2 0 0 0 2 2
0 1 2 0 0 2 2 0 0 2
0 1 2 0 0 2 0 2 0 2
0 1 2 0 0 2 0 0 2 2
0 1 2 0 0 0 2 2 0 2
0 1 2 0 0 0 2 0 2 2
0 1 2 0 0 0 0 2 2 2
0 1 0 2 2 2 0 0 0 2
0 1 0 2 2 0 2 0 0 2
0 1 0 2 2 0 0 2 0 2
0 1 0 2 2 0 0 0 2 2
0 1 0 2 0 2 2 0 0 2
0 1 0 2 0 2 0 2 0 2
0 1 0 2 0 2 0 0 2 2
0 1 0 2 0 0 2 2 0 2
0 1 0 2 0 0 2 0 2 2
0 1 0 2 0 0 0 2 2 2
0 1 0 0 2 2 2 0 0 2
0 1 0 0 2 2 0 2 0 2
0 1 0 0 2 2 0 0 2 2
0 1 0 0 2 0 2 2 0 2
0 1 0 0 2 0 2 0 2 2
0 1 0 0 2 0 0 2 2 2
0 1 0 0 0 2 2 2 0 2
0 1 0 0 0 2 2 0 2 2
0 1 0 0 0 2 0 2 2 2
0 1 0 0 0 0 2 2 2 2
0 0 2 2 2 1 0 0 0 32
0 0 2 2 2 0 1 0 0 64
0 0 2 2 2 0 0 1 0 128
0 0 2 2 2 0 0 0 1 256
0 0 2 2 1 2 0 0 0 16
0 0 2 2 1 0 2 0 0 16
0 0 2 2 1 0 0 2 0 16
0 0 2 2 1 0 0 0 2 16
0 0 2 2 0 2 1 0 0 64
0 0 2 2 0 2 0 1 0 128
0 0 2 2 0 2 0 0 1 256
0 0 2 2 0 1 2 0 0 32
0 0 2 2 0 1 0 2 0 32
0 0 2 2 0 1 0 0 2 32
0 0 2 2 0 0 2 1 0 128
0 0 2 2 0 0 2 0 1 256
0 0 2 2 0 0 1 2 0 64
0 0 2 2 0 0 1 0 2 64
0 0 2 2 0 0 0 2 1 256
0 0 2 2 0 0 0 1 2 128
0 0 2 1 2 2 0 0 0 8
0 0 2 1 2 0 2 0 0 8
0 0 2 1 2 0 0 2 0 8
0 0 2 1 2 0 0 0 2 8
0 0 2 1 0 2 2 0 0 8
0 0 2 1 0 2 0 2 0 8
0 0 2 1 0 2 0 0 2 8
0 0 2 1 0 0 2 2 0 8
0 0 2 1 0 0 2 0 2 8
0 0 2 1 0 0 0 2 2 8
0 0 2 0 2 2 1 0 0 64
0 0 2 0 2 2 0 1 0 128
0 0 2 0 2 2 0 0 1 256
0 0 2 0 2 1 2 0 0 32
0 0 2 0 2 1 0 2 0 32
0 0 2 0 2 1 0 0 2 32
0 0 2 0 2 0 2 1 0 128
0 0 2 0 2 0 2 0 1 256
0 0 2 0 2 0 1 2 0 64
0 0 2 0 2 0 1 0 2 64
0 0 2 0 2 0 0 2 1 256
0 0 2 0 2 0 0 1 2 128
0 0 2 0 1 2 2 0 0 16
0 0 2 0 1 2 0 2 0 16
0 0 2 0 1 2 0 0 2 16
0 0 2 0 1 0 2 2 0 16
0 0 2 0 1 0 2 0 2 16
0 0 2 0 1 0 0 2 2 16
0 0 2 0 0 2 2 1 0 128
0 0 2 0 0 2 2 0 1 256
0 0 2 0 0 2 1 2 0 64
0 0 2 0 0 2 1 0 2 64
0 0 2 0 0 2 0 2 1 256
0 0 2 0 0 2 0 1 2 128
0 0 2 0 0 1 2 2 0 32
0 0 2 0 0 1 2 0 2 32
0 0 2 0 0 1 0 2 2 32
0 0 2 0 0 0 2 2 1 256
0 0 2 0 0 0 2 1 2 128
0 0 2 0 0 0 1 2 2 64
0 0 1 2 2 2 0 0 0 4
0 0 1 2 2 0 2 0 0 4
0 0 1 2 2 0 0 2 0 4
0 0 1 2 2 0 0 0 2 4
0 0 1 2 0 2 2 0 0 4
0 0 1 2 0 2 0 2 0 4
0 0 1 2 0 2 0 0 2 4
0 0 1 2 0 0 2 2 0 4
0 0 1 2 0 0 2 0 2 4
0 0 1 2 0 0 0 2 2 4
0 0 1 0 2 2 2 0 0 4
0 0 1 0 2 2 0 2 0 4
0 0 1 0 2 2 0 0 2 4
0 0 1 0 2 0 2 2 0 4
0 0 1 0 2 0 2 0 2 4
0 0 1 0 2 0 0 2 2 4
0 0 1 0 0 2 2 2 0 4
0 0 1 0 0 2 2 0 2 4
0 0 1 0 0 2 0 2 2 4
0 0 1 0 0 0 2 2 2 4
0 0 0 2 2 2 1 0 0 64
0 0 0 2 2 2 0 1 0 128
0 0 0 2 2 2 0 0 1 256
0 0 0 2 2 1 2 0 0 32
0 0 0 2 2 1 0 2 0 32
0 0 0 2 2 1 0 0 2 32
0 0 0 2 2 0 2 1 0 128
0 0 0 2 2 0 2 0 1 256
0 0 0 2 2 0 1 2 0 64
0 0 0 2 2 0 1 0 2 64
0 0 0 2 2 0 0 2 1 256
0 0 0 2 2 0 0 1 2 128
0 0 0 2 1 2 2 0 0 16
0 0 0 2 1 2 0 2 0 16
0 0 0 2 1 2 0 0 2 16
0 0 0 2 1 0 2 2 0 16
0 0 0 2 1 0 2 0 2 16
0 0 0 2 1 0 0 2 2 16
0 0 0 2 0 2 2 1 0 128
0 0 0 2 0 2 2 0 1 256
0 0 0 2 0 2 1 2 0 64
0 0 0 2 0 2 1 0 2 64
0 0 0 2 0 2 0 2 1 256
0 0 0 2 0 2 0 1 2 128
0 0 0 2 0 1 2 2 0 32
0 0 0 2 0 1 2 0 2 32
0 0 0 2 0 1 0 2 2 32
0 0 0 2 0 0 2 2 1 256
0 0 0 2 0 0 2 1 2 128
0 0 0 2 0 0 1 2 2 64
0 0 0 1 2 2 2 0 0 8
0 0 0 1 2 2 0 2 0 8
0 0 0 1 2 2 0 0 2 8
0 0 0 1 2 0 2 2 0 8
0 0 0 1 2 0 2 0 2 8
0 0 0 1 2 0 0 2 2 8
0 0 0 1 0 2 2 2 0 8
0 0 0 1 0 2 2 0 2 8
0 0 0 1 0 2 0 2 2 8
0 0 0 1 0 0 2 2 2 8
0 0 0 0 2 2 2 1 0 128
0 0 0 0 2 2 2 0 1 256
0 0 0 0 2 2 1 2 0 64
0 0 0 0 2 2 1 0 2 64
0 0 0 0 2 2 0 2 1 256
0 0 0 0 2 2 0 1 2 128
0 0 0 0 2 1 2 2 0 32
0 0 0 0 2 1 2 0 2 32
0 0 0 0 2 1 0 2 2 32
0 0 0 0 2 0 2 2 1 256
0 0 0 0 2 0 2 1 2 128
0 0 0 0 2 0 1 2 2 64
0 0 0 0 1 2 2 2 0 16
0 0 0 0 1 2 2 0 2 16
0 0 0 0 1 2 0 2 2 16
0 0 0 0 1 0 2 2 2 16
0 0 0 0 0 2 2 2 1 256
0 0 0 0 0 2 2 1 2 128
0 0 0 0 0 2 1 2 2 64
0 0 0 0 0 1 2 2 2 32
2 2 2 2 1 0 0 0 0 16
2 2 2 2 0 1 0 0 0 32
2 2 2 2 0 0 1 0 0 64
2 2 2 2 0 0 0 1 0 128
2 2 2 2 0 0 0 0 1 256
2 2 2 1 2 0 0 0 0 8
2 2 2 1 0 2 0 0 0 8
2 2 2 1 0 0 2 0 0 8
2 2 2 1 0 0 0 2 0 8
2 2 2 1 0 0 0 0 2 8
2 2 2 0 2 1 0 0 0 32
2 2 2 0 2 0 1 0 0 64
2 2 2 0 2 0 0 1 0 128
2 2 2 0 2 0 0 0 1 256
2 2 2 0 1 2 0 0 0 16
2 2 2 0 1 0 2 0 0 16
2 2 2 0 1 0 0 2 0 16
2 2 2 0 1 0 0 0 2 16
2 2 2 0 0 2 1 0 0 64
2 2 2 0 0 2 0 1 0 128
2 2 2 0 0 2 0 0 1 256
2 2 2 0 0 1 2 0 0 32
2 2 2 0 0 1 0 2 0 32
2 2 2 0 0 1 0 0 2 32
2 2 2 0 0 0 2 1 0 128
2 2 2 0 0 0 2 0 1 256
2 2 2 0 0 0 1 2 0 64
2 2 2 0 0 0 1 0 2 64
2 2 2 0 0 0 0 2 1 256
2 2 2 0 0 0 0 1 2 128
2 2 1 2 2 0 0 0 0 4
2 2 1 2 0 2 0 0 0 4
2 2 1 2 0 0 2 0 0 4
2 2 1 2 0 0 0 2 0 4
2 2 1 2 0 0 0 0 2 4
2 2 1 0 2 2 0 0 0 4
2 2 1 0 2 0 2 0 0 4
2 2 1 0 2 0 0 2 0 4
2 2 1 0 2 0 0 0 2 4
2 2 1 0 0 2 2 0 0 4
2 2 1 0 0 2 0 2 0 4
2 2 1 0 0 2 0 0 2 4
2 2 1 0 0 0 2 2 0 4
2 2 1 0 0 0 2 0 2 4
2 2 1 0 0 0 0 2 2 4
2 2 0 2 2 1 0 0 0 32
2 2 0 2 2 0 1 0 0 64
2 2 0 2 2 0 0 1 0 128
2 2 0 2 2 0 0 0 1 256
2 2 0 2 1 2 0 0 0 16
2 2 0 2 1 0 2 0 0 16
2 2 0 2 1 0 0 2 0 16
2 2 0 2 1 0 0 0 2 16
2 2 0 2 0 2 1 0 0 64
2 2 0 2 0 2 0 1 0 128
2 2 0 2 0 2 0 0 1 256
2 2 0 2 0 1 2 0 0 32
2 2 0 2 0 1 0 2 0 32
2 2 0 2 0 1 0 0 2 32
2 2 0 2 0 0 2 1 0 128
2 2 0 2 0 0 2 0 1 256
2 2 0 2 0 0 1 2 0 64
2 2 0 2 0 0 1 0 2 64
2 2 0 2 0 0 0 2 1 256
2 2 0 2 0 0 0 1 2 128
2 2 0 1 2 2 0 0 0 8
2 2 0 1 2 0 2 0 0 8
2 2 0 1 2 0 0 2 0 8
2 2 0 1 2 0 0 0 2 8
2 2 0 1 0 2 2 0 0 8
2 2 0 1 0 2 0 2 0 8
2 2 0 1 0 2 0 0 2 8
2 2 0 1 0 0 2 2 0 8
2 2 0 1 0 0 2 0 2 8
2 2 0 1 0 0 0 2 2 8
2 2 0 0 2 2 1 0 0 64
2 2 0 0 2 2 0 1 0 128
2 2 0 0 2 2 0 0 1 256
2 2 0 0 2 1 2 0 0 32
2 2 0 0 2 1 0 2 0 32
2 2 0 0 2 1 0 0 2 32
2 2 0 0 2 0 2 1 0 128
2 2 0 0 2 0 2 0 1 256
2 2 0 0 2 0 1 2 0 64
2 2 0 0 2 0 1 0 2 64
2 2 0 0 2 0 0 2 1 256
2 2 0 0 2 0 0 1 2 128
2 2 0 0 1 2 2 0 0 16
2 2 0 0 1 2 0 2 0 16
2 2 0 0 1 2 0 0 2 16
2 2 0 0 1 0 2 2 0 16
2 2 0 0 1 0 2 0 2 16
2 2 0 0 1 0 0 2 2 16
2 2 0 0 0 2 2 1 0 128
2 2 0 0 0 2 2 0 1 256
2 2 0 0 0 2 1 2 0 64
2 2 0 0 0 2 1 0 2 64
2 2 0 0 0 2 0 2 1 256
2 2 0 0 0 2 0 1 2 128
2 2 0 0 0 1 2 2 0 32
2 2 0 0 0 1 2 0 2 32
2 2 0 0 0 1 0 2 2 32
2 2 0 0 0 0 2 2 1 256
2 2 0 0 0 0 2 1 2 128
2 2 0 0 0 0 1 2 2 64
2 1 2 2 2 0 0 0 0 2
2 1 2 2 0 2 0 0 0 2
2 1 2 2 0 0 2 0 0 2
2 1 2 2 0 0 0 2 0 2
2 1 2 2 0 0 0 0 2 2
2 1 2 0 2 2 0 0 0 2
2 1 2 0 2 0 2 0 0 2
2 1 2 0 2 0 0 2 0 2
2 1 2 0 2 0 0 0 2 2
2 1 2 0 0 2 2 0 0 2
2 1 2 0 0 2 0 2 0 2
2 1 2 0 0 2 0 0 2 2
2 1 2 0 0 0 2 2 0 2
2 1 2 0 0 0 2 0 2 2
2 1 2 0 0 0 0 2 2 2
2 1 0 2 2 2 0 0 0 2
2 1 0 2 2 0 2 0 0 2
2 1 0 2 2 0 0 2 0 2
2 1 0 2 2 0 0 0 2 2
2 1 0 2 0 2 2 0 0 2
2 1 0 2 0 2 0 2 0 2
2 1 0 2 0 2 0 0 2 2
2 1 0 2 0 0 2 2 0 2
2 1 0 2 0 0 2 0 2 2
2 1 0 2 0 0 0 2 2 2
2 1 0 0 2 2 2 0 0 2
2 1 0 0 2 2 0 2 0 2
2 1 0 0 2 2 0 0 2 2
2 1 0 0 2 0 2 2 0 2
2 1 0 0 2 0 2 0 2 2
2 1 0 0 2 0 0 2 2 2
2 1 0 0 0 2 2 2 0 2
2 1 0 0 0 2 2 0 2 2
2 1 0 0 0 2 0 2 2 2
2 1 0 0 0 0 2 2 2 2
2 0 2 2 2 1 0 0 0 32
2 0 2 2 2 0 1 0 0 64
2 0 2 2 2 0 0 1 0 128
2 0 2 2 2 0 0 0 1 256
2 0 2 2 1 2 0 0 0 16
2 0 2 2 1 0 2 0 0 16
2 0 2 2 1 0 0 2 0 16
2 0 2 2 1 0 0 0 2 16
2 0 2 2 0 2 1 0 0 64
2 0 2 2 0 2 0 1 0 128
2 0 2 2 0 2 0 0 1 256
2 0 2 2 0 1 2 0 0 32
2 0 2 2 0 1 0 2 0 32
2 0 2 2 0 1 0 0 2 32
2 0 2 2 0 0 2 1 0 128
2 0 2 2 0 0 2 0 1 256
2 0 2 2 0 0 1 2 0 64
2 0 2 2 0 0 1 0 2 64
2 0 2 2 0 0 0 2 1 256
2 0 2 2 0 0 0 1 2 128
2 0 2 1 2 2 0 0 0 8
2 0 2 1 2 0 2 0 0 8
2 0 2 1 2 0 0 2 0 8
2 0 2 1 2 0 0 0 2 8
2 0 2 1 0 2 2 0 0 8
2 0 2 1 0 2 0 2 0 8
2 0 2 1 0 2 0 0 2 8
2 0 2 1 0 0 2 2 0 8
2 0 2 1 0 0 2 0 2 8
2 0 2 1 0 0 0 2 2 8
2 0 2 0 2 2 1 0 0 64
2 0 2 0 2 2 0 1 0 128
2 0 2 0 2 2 0 0 1 256
2 0 2 0 2 1 2 0 0 32
2 0 2 0 2 1 0 2 0 32
2 0 2 0 2 1 0 0 2 32
2 0 2 0 2 0 2 1 0 128
2 0 2 0 2 0 2 0 1 256
2 0 2 0 2 0 1 2 0 64
2 0 2 0 2 0 1 0 2 64
2 0 2 0 2 0 0 2 1 256
2 0 2 0 2 0 0 1 2 128
2 0 2 0 1 2 2 0 0 16
2 0 2 0 1 2 0 2 0 16
2 0 2 0 1 2 0 0 2 16
2 0 2 0 1 0 2 2 0 16
2 0 2 0 1 0 2 0 2 16
2 0 2 0 1 0 0 2 2 16
2 0 2 0 0 2 2 1 0 128
2 0 2 0 0 2 2 0 1 256
2 0 2 0 0 2 1 2 0 64
2 0 2 0 0 2 1 0 2 64
2 0 2 0 0 2 0 2 1 256
2 0 2 0 0 2 0 1 2 128
2 0 2 0 0 1 2 2 0 32
2 0 2 0 0 1 2 0 2 32
2 0 2 0 0 1 0 2 2 32
2 0 2 0 0 0 2 2 1 256
2 0 2 0 0 0 2 1 2 128
2 0 2 0 0 0 1 2 2 64
2 0 1 2 2 2 0 0 0 4
2 0 1 2 2 0 2 0 0 4
2 0 1 2 2 0 0 2 0 4
2 0 1 2 2 0 0 0 2 4
2 0 1 2 0 2 2 0 0 4
2 0 1 2 0 2 0 2 0 4
2 0 1 2 0 2 0 0 2 4
2 0 1 2 0 0 2 2 0 4
2 0 1 2 0 0 2 0 2 4
2 0 1 2 0 0 0 2 2 4
2 0 1 0 2 2 2 0 0 4
2 0 1 0 2 2 0 2 0 4
2 0 1 0 2 2 0 0 2 4
2 0 1 0 2 0 2 2 0 4
2 0 1 0 2 0 2 0 2 4
2 0 1 0 2 0 0 2 2 4
2 0 1 0 0 2 2 2 0 4
2 0 1 0 0 2 2 0 2 4
2 0 1 0 0 2 0 2 2 4
2 0 1 0 0 0 2 2 2 4
2 0 0 2 2 2 1 0 0 64
2 0 0 2 2 2 0 1 0 128
2 0 0 2 2 2 0 0 1 256
2 0 0 2 2 1 2 0 0 32
2 0 0 2 2 1 0 2 0 32
2 0 0 2 2 1 0 0 2 32
2 0 0 2 2 0 2 1 0 128
2 0 0 2 2 0 2 0 1 256
2 0 0 2 2 0 1 2 0 64
2 0 0 2 2 0 1 0 2 64
2 0 0 2 2 0 0 2 1 256
2 0 0 2 2 0 0 1 2 128
2 0 0 2 1 2 2 0 0 16
2 0 0 2 1 2 0 2 0 16
2 0 0 2 1 2 0 0 2 16
2 0 0 2 1 0 2 2 0 16
2 0 0 2 1 0 2 0 2 16
2 0 0 2 1 0 0 2 2 16
2 0 0 2 0 2 2 1 0 128
2 0 0 2 0 2 2 0 1 256
2 0 0 2 0 2 1 2 0 64
2 0 0 2 0 2 1 0 2 64
2 0 0 2 0 2 0 2 1 256
2 0 0 2 0 2 0 1 2 128
2 0 0 2 0 1 2 2 0 32
2 0 0 2 0 1 2 0 2 32
2 0 0 2 0 1 0 2 2 32
2 0 0 2 0 0 2 2 1 256
2 0 0 2 0 0 2 1 2 128
2 0 0 2 0 0 1 2 2 64
2 0 0 1 2 2 2 0 0 8
2 0 0 1 2 2 0 2 0 8
2 0 0 1 2 2 0 0 2 8
2 0 0 1 2 0 2 2 0 8
2 0 0 1 2 0 2 0 2 8
2 0 0 1 2 0 0 2 2 8
2 0 0 1 0 2 2 2 0 8
2 0 0 1 0 2 2 0 2 8
2 0 0 1 0 2 0 2 2 8
2 0 0 1 0 0 2 2 2 8
2 0 0 0 2 2 2 1 0 128
2 0 0 0 2 2 2 0 1 256
2 0 0 0 2 2 1 2 0 64
2 0 0 0 2 2 1 0 2 64
2 0 0 0 2 2 0 2 1 256
2 0 0 0 2 2 0 1 2 128
2 0 0 0 2 1 2 2 0 32
2 0 0 0 2 1 2 0 2 32
2 0 0 0 2 1 0 2 2 32
2 0 0 0 2 0 2 2 1 256
2 0 0 0 2 0 2 1 2 128
2 0 0 0 2 0 1 2 2 64
2 0 0 0 1 2 2 2 0 16
2 0 0 0 1 2 2 0 2 16
2 0 0 0 1 2 0 2 2 16
2 0 0 0 1 0 2 2 2 16
2 0 0 0 0 2 2 2 1 256
2 0 0 0 0 2 2 1 2 128
2 0 0 0 0 2 1 2 2 64
2 0 0 0 0 1 2 2 2 32
1 2 2 2 2 0 0 0 0 1
1 2 2 2 0 2 0 0 0 1
1 2 2 2 0 0 2 0 0 1
1 2 2 2 0 0 0 2 0 1
1 2 2 2 0 0 0 0 2 1
1 2 2 0 2 2 0 0 0 1
1 2 2 0 2 0 2 0 0 1
1 2 2 0 2 0 0 2 0 1
1 2 2 0 2 0 0 0 2 1
1 2 2 0 0 2 2 0 0 1
1 2 2 0 0 2 0 2 0 1
1 2 2 0 0 2 0 0 2 1
1 2 2 0 0 0 2 2 0 1
1 2 2 0 0 0 2 0 2 1
1 2 2 0 0 0 0 2 2 1
1 2 0 2 2 2 0 0 0 1
1 2 0 2 2 0 2 0 0 1
1 2 0 2 2 0 0 2 0 1
1 2 0 2 2 0 0 0 2 1
1 2 0 2 0 2 2 0 0 1
1 2 0 2 0 2 0 2 0 1
1 2 0 2 0 2 0 0 2 1
1 2 0 2 0 0 2 2 0 1
1 2 0 2 0 0 2 0 2 1
1 2 0 2 0 0 0 2 2 1
1 2 0 0 2 2 2 0 0 1
1 2 0 0 2 2 0 2 0 1
1 2 0 0 2 2 0 0 2 1
1 2 0 0 2 0 2 2 0 1
1 2 0 0 2 0 2 0 2 1
1 2 0 0 2 0 0 2 2 1
1 2 0 0 0 2 2 2 0 1
1 2 0 0 0 2 2 0 2 1
1 2 0 0 0 2 0 2 2 1
1 2 0 0 0 0 2 2 2 1
1 0 2 2 2 2 0 0 0 1
1 0 2 2 2 0 2 0 0 1
1 0 2 2 2 0 0 2 0 1
1 0 2 2 2 0 0 0 2 1
1 0 2 2 0 2 2 0 0 1
1 0 2 2 0 2 0 2 0 1
1 0 2 2 0 2 0 0 2 1
1 0 2 2 0 0 2 2 0 1
1 0 2 2 0 0 2 0 2 1
1 0 2 2 0 0 0 2 2 1
1 0 2 0 2 2 2 0 0 1
1 0 2 0 2 2 0 2 0 1
1 0 2 0 2 2 0 0 2 1
1 0 2 0 2 0 2 2 0 1
1 0 2 0 2 0 2 0 2 1
1 0 2 0 2 0 0 2 2 1
1 0 2 0 0 2 2 2 0 1
1 0 2 0 0 2 2 0 2 1
1 0 2 0 0 2 0 2 2 1
1 0 2 0 0 0 2 2 2 1
1 0 0 2 2 2 2 0 0 1
1 0 0 2 2 2 0 2 0 1
1 0 0 2 2 2 0 0 2 1
1 0 0 2 2 0 2 2 0 1
1 0 0 2 2 0 2 0 2 1
1 0 0 2 2 0 0 2 2 1
1 0 0 2 0 2 2 2 0 1
1 0 0 2 0 2 2 0 2 1
1 0 0 2 0 2 0 2 2 1
1 0 0 2 0 0 2 2 2 1
1 0 0 0 2 2 2 2 0 1
1 0 0 0 2 2 2 0 2 1
1 0 0 0 2 2 0 2 2 1
1 0 0 0 2 0 2 2 2 1
1 0 0 0 0 2 2 2 2 1
0 2 2 2 2 1 0 0 0 32
0 2 2 2 2 0 1 0 0 64
0 2 2 2 2 0 0 1 0 128
0 2 2 2 2 0 0 0 1 256
0 2 2 2 1 2 0 0 0 16
0 2 2 2 1 0 2 0 0 16
0 2 2 2 1 0 0 2 0 16
0 2 2 2 1 0 0 0 2 16
0 2 2 2 0 2 1 0 0 64
0 2 2 2 0 2 0 1 0 128
0 2 2 2 0 2 0 0 1 256
0 2 2 2 0 1 2 0 0 32
0 2 2 2 0 1 0 2 0 32
0 2 2 2 0 1 0 0 2 32
0 2 2 2 0 0 2 1 0 128
0 2 2 2 0 0 2 0 1 256
0 2 2 2 0 0 1 2 0 64
0 2 2 2 0 0 1 0 2 64
0 2 2 2 0 0 0 2 1 256
0 2 2 2 0 0 0 1 2 128
0 2 2 1 2 2 0 0 0 8
0 2 2 1 2 0 2 0 0 8
0 2 2 1 2 0 0 2 0 8
0 2 2 1 2 0 0 0 2 8
0 2 2 1 0 2 2 0 0 8
0 2 2 1 0 2 0 2 0 8
0 2 2 1 0 2 0 0 2 8
0 2 2 1 0 0 2 2 0 8
0 2 2 1 0 0 2 0 2 8
0 2 2 1 0 0 0 2 2 8
0 2 2 0 2 2 1 0 0 64
0 2 2 0 2 2 0 1 0 128
0 2 2 0 2 2 0 0 1 256
0 2 2 0 2 1 2 0 0 32
0 2 2 0 2 1 0 2 0 32
0 2 2 0 2 1 0 0 2 32
0 2 2 0 2 0 2 1 0 128
0 2 2 0 2 0 2 0 1 256
0 2 2 0 2 0 1 2 0 64
0 2 2 0 2 0 1 0 2 64
0 2 2 0 2 0 0 2 1 256
0 2 2 0 2 0 0 1 2 128
0 2 2 0 1 2 2 0 0 16
0 2 2 0 1 2 0 2 0 16
0 2 2 0 1 2 0 0 2 16
0 2 2 0 1 0 2 2 0 16
0 2 2 0 1 0 2 0 2 16
0 2 2 0 1 0 0 2 2 16
0 2 2 0 0 2 2 1 0 128
0 2 2 0 0 2 2 0 1 256
0 2 2 0 0 2 1 2 0 64
0 2 2 0 0 2 1 0 2 64
0 2 2 0 0 2 0 2 1 256
0 2 2 0 0 2 0 1 2 128
0 2 2 0 0 1 2 2 0 32
0 2 2 0 0 1 2 0 2 32
0 2 2 0 0 1 0 2 2 32
0 2 2 0 0 0 2 2 1 256
0 2 2 0 0 0 2 1 2 128
0 2 2 0 0 0 1 2 2 64
0 2 1 2 2 2 0 0 0 4
0 2 1 2 2 0 2 0 0 4
0 2 1 2 2 0 0 2 0 4
0 2 1 2 2 0 0 0 2 4
0 2 1 2 0 2 2 0 0 4
0 2 1 2 0 2 0 2 0 4
0 2 1 2 0 2 0 0 2 4
0 2 1 2 0 0 2 2 0 4
0 2 1 2 0 0 2 0 2 4
0 2 1 2 0 0 0 2 2 4
0 2 1 0 2 2 2 0 0 4
0 2 1 0 2 2 0 2 0 4
0 2 1 0 2 2 0 0 2 4
0 2 1 0 2 0 2 2 0 4
0 2 1 0 2 0 2 0 2 4
0 2 1 0 2 0 0 2 2 4
0 2 1 0 0 2 2 2 0 4
0 2 1 0 0 2 2 0 2 4
0 2 1 0 0 2 0 2 2 4
0 2 1 0 0 0 2 2 2 4
0 2 0 2 2 2 1 0 0 64
0 2 0 2 2 2 0 1 0 128
0 2 0 2 2 2 0 0 1 256
0 2 0 2 2 1 2 0 0 32
0 2 0 2 2 1 0 2 0 32
0 2 0 2 2 1 0 0 2 32
0 2 0 2 2 0 2 1 0 128
0 2 0 2 2 0 2 0 1 256
0 2 0 2 2 0 1 2 0 64
0 2 0 2 2 0 1 0 2 64
0 2 0 2 2 0 0 2 1 256
0 2 0 2 2 0 0 1 2 128
0 2 0 2 1 2 2 0 0 16
0 2 0 2 1 2 0 2 0 16
0 2 0 2 1 2 0 0 2 16
0 2 0 2 1 0 2 2 0 16
0 2 0 2 1 0 2 0 2 16
0 2 0 2 1 0 0 2 2 16
0 2 0 2 0 2 2 1 0 128
0 2 0 2 0 2 2 0 1 256
0 2 0 2 0 2 1 2 0 64
0 2 0 2 0 2 1 0 2 64
0 2 0 2 0 2 0 2 1 256
0 2 0 2 0 2 0 1 2 128
0 2 0 2 0 1 2 2 0 32
0 2 0 2 0 1 2 0 2 32
0 2 0 2 0 1 0 2 2 32
0 2 0 2 0 0 2 2 1 256
0 2 0 2 0 0 2 1 2 128
0 2 0 2 0 0 1 2 2 64
0 2 0 1 2 2 2 0 0 8
0 2 0 1 2 2 0 2 0 8
0 2 0 1 2 2 0 0 2 8
0 2 0 1 2 0 2 2 0 8
0 2 0 1 2 0 2 0 2 8
0 2 0 1 2 0 0 2 2 8
0 2 0 1 0 2 2 2 0 8
0 2 0 1 0 2 2 0 2 8
0 2 0 1 0 2 0 2 2 8
0 2 0 1 0 0 2 2 2 8
0 2 0 0 2 2 2 1 0 128
0 2 0 0 2 2 2 0 1 256
0 2 0 0 2 2 1 2 0 64
0 2 0 0 2 2 1 0 2 64
0 2 0 0 2 2 0 2 1 256
0 2 0 0 2 2 0 1 2 128
0 2 0 0 2 1 2 2 0 32
0 2 0 0 2 1 2 0 2 32
0 2 0 0 2 1 0 2 2 32
0 2 0 0 2 0 2 2 1 256
0 2 0 0 2 0 2 1 2 128
0 2 0 0 2 0 1 2 2 64
0 2 0 0 1 2 2 2 0 16
0 2 0 0 1 2 2 0 2 16
0 2 0 0 1 2 0 2 2 16
0 2 0 0 1 0 2 2 2 16
0 2 0 0 0 2 2 2 1 256
0 2 0 0 0 2 2 1 2 128
0 2 0 0 0 2 1 2 2 64
0 2 0 0 0 1 2 2 2 32
0 1 2 2 2 2 0 0 0 2
0 1 2 2 2 0 2 0 0 2
0 1 2 2 2 0 0 2 0 2
0 1 2 2 2 0 0 0 2 2
0 1 2 2 0 2 2 0 0 2
0 1 2 2 0 2 0 2 0 2
0 1 2 2 0 2 0 0 2 2
0 1 2 2 0 0 2 2 0 2
0 1 2 2 0 0 2 0 2 2
0 1 2 2 0 0 0 2 2 2
0 1 2 0 2 2 2 0 0 2
0 1 2 0 2 2 0 2 0 2
0 1 2 0 2 2 0 0 2 2
0 1 2 0 2 0 2 2 0 2
0 1 2 0 2 0 2 0 2 2
0 1 2 0 2 0 0 2 2 2
0 1 2 0 0 2 2 2 0 2
0 1 2 0 0 2 2 0 2 2
0 1 2 0 0 2 0 2 2 2
0 1 2 0 0 0 2 2 2 2
0 1 0 2 2 2 2 0 0 2
0 1 0 2 2 2 0 2 0 2
0 1 0 2 2 2 0 0 2 2
0 1 0 2 2 0 2 2 0 2
0 1 0 2 2 0 2 0 2 2
0 1 0 2 2 0 0 2 2 2
0 1 0 2 0 2 2 2 0 2
0 1 0 2 0 2 2 0 2 2
0 1 0 2 0 2 0 2 2 2
0 1 0 2 0 0 2 2 2 2
0 1 0 0 2 2 2 2 0 2
0 1 0 0 2 2 2 0 2 2
0 1 0 0 2 2 0 2 2 2
0 1 0 0 2 0 2 2 2 2
0 1 0 0 0 2 2 2 2 2
0 0 2 2 2 2 1 0 0 64
0 0 2 2 2 2 0 1 0 128
0 0 2 2 2 2 0 0 1 256
0 0 2 2 2 1 2 0 0 32
0 0 2 2 2 1 0 2 0 32
0 0 2 2 2 1 0 0 2 32
0 0 2 2 2 0 2 1 0 128
0 0 2 2 2 0 2 0 1 256
0 0 2 2 2 0 1 2 0 64
0 0 2 2 2 0 1 0 2 64
0 0 2 2 2 0 0 2 1 256
0 0 2 2 2 0 0 1 2 128
0 0 2 2 1 2 2 0 0 16
0 0 2 2 1 2 0 2 0 16
0 0 2 2 1 2 0 0 2 16
0 0 2 2 1 0 2 2 0 16
0 0 2 2 1 0 2 0 2 16
0 0 2 2 1 0 0 2 2 16
0 0 2 2 0 2 2 1 0 128
0 0 2 2 0 2 2 0 1 256
0 0 2 2 0 2 1 2 0 64
0 0 2 2 0 2 1 0 2 64
0 0 2 2 0 2 0 2 1 256
0 0 2 2 0 2 0 1 2 128
0 0 2 2 0 1 2 2 0 32
0 0 2 2 0 1 2 0 2 32
0 0 2 2 0 1 0 2 2 32
0 0 2 2 0 0 2 2 1 256
0 0 2 2 0 0 2 1 2 128
0 0 2 2 0 0 1 2 2 64
0 0 2 1 2 2 2 0 0 8
0 0 2 1 2 2 0 2 0 8
0 0 2 1 2 2 0 0 2 8
0 0 2 1 2 0 2 2 0 8
0 0 2 1 2 0 2 0 2 8
0 0 2 1 2 0 0 2 2 8
0 0 2 1 0 2 2 2 0 8
0 0 2 1 0 2 2 0 2 8
0 0 2 1 0 2 0 2 2 8
0 0 2 1 0 0 2 2 2 8
0 0 2 0 2 2 2 1 0 128
0 0 2 0 2 2 2 0 1 256
0 0 2 0 2 2 1 2 0 64
0 0 2 0 2 2 1 0 2 64
0 0 2 0 2 2 0 2 1 256
0 0 2 0 2 2 0 1 2 128
0 0 2 0 2 1 2 2 0 32
0 0 2 0 2 1 2 0 2 32
0 0 2 0 2 1 0 2 2 32
0 0 2 0 2 0 2 2 1 256
0 0 2 0 2 0 2 1 2 128
0 0 2 0 2 0 1 2 2 64
0 0 2 0 1 2 2 2 0 16
0 0 2 0 1 2 2 0 2 16
0 0 2 0 1 2 0 2 2 16
0 0 2 0 1 0 2 2 2 16
0 0 2 0 0 2 2 2 1 256
0 0 2 0 0 2 2 1 2 128
0 0 2 0 0 2 1 2 2 64
0 0 2 0 0 1 2 2 2 32
0 0 1 2 2 2 2 0 0 4
0 0 1 2 2 2 0 2 0 4
0 0 1 2 2 2 0 0 2 4
0 0 1 2 2 0 2 2 0 4
0 0 1 2 2 0 2 0 2 4
0 0 1 2 2 0 0 2 2 4
0 0 1 2 0 2 2 2 0 4
0 0 1 2 0 2 2 0 2 4
0 0 1 2 0 2 0 2 2 4
0 0 1 2 0 0 2 2 2 4
0 0 1 0 2 2 2 2 0 4
0 0 1 0 2 2 2 0 2 4
0 0 1 0 2 2 0 2 2 4
0 0 1 0 2 0 2 2 2 4
0 0 1 0 0 2 2 2 2 4
0 0 0 2 2 2 2 1 0 128
0 0 0 2 2 2 2 0 1 256
0 0 0 2 2 2 1 2 0 64
0 0 0 2 2 2 1 0 2 64
0 0 0 2 2 2 0 2 1 256
0 0 0 2 2 2 0 1 2 128
0 0 0 2 2 1 2 2 0 32
0 0 0 2 2 1 2 0 2 32
0 0 0 2 2 1 0 2 2 32
0 0 0 2 2 0 2 2 1 256
0 0 0 2 2 0 2 1 2 128
0 0 0 2 2 0 1 2 2 64
0 0 0 2 1 2 2 2 0 16
0 0 0 2 1 2 2 0 2 16
0 0 0 2 1 2 0 2 2 16
0 0 0 2 1 0 2 2 2 16
0 0 0 2 0 2 2 2 1 256
0 0 0 2 0 2 2 1 2 128
0 0 0 2 0 2 1 2 2 64
0 0 0 2 0 1 2 2 2 32
0 0 0 1 2 2 2 2 0 8
0 0 0 1 2 2 2 0 2 8
0 0 0 1 2 2 0 2 2 8
0 0 0 1 2 0 2 2 2 8
0 0 0 1 0 2 2 2 2 8
0 0 0 0 2 2 2 2 1 256
0 0 0 0 2 2 2 1 2 128
0 0 0 0 2 2 1 2 2 64
0 0 0 0 2 1 2 2 2 32
0 0 0 0 1 2 2 2 2 16
2 2 2 2 2 1 0 0 0 32
2 2 2 2 2 0 1 0 0 64
2 2 2 2 2 0 0 1 0 128
2 2 2 2 2 0 0 0 1 256
2 2 2 2 1 2 0 0 0 16
2 2 2 2 1 0 2 0 0 16
2 2 2 2 1 0 0 2 0 16
2 2 2 2 1 0 0 0 2 16
2 2 2 2 0 2 1 0 0 64
2 2 2 2 0 2 0 1 0 128
2 2 2 2 0 2 0 0 1 256
2 2 2 2 0 1 2 0 0 32
2 2 2 2 0 1 0 2 0 32
2 2 2 2 0 1 0 0 2 32
2 2 2 2 0 0 2 1 0 128
2 2 2 2 0 0 2 0 1 256
2 2 2 2 0 0 1 2 0 64
2 2 2 2 0 0 1 0 2 64
2 2 2 2 0 0 0 2 1 256
2 2 2 2 0 0 0 1 2 128
2 2 2 1 2 2 0 0 0 8
2 2 2 1 2 0 2 0 0 8
2 2 2 1 2 0 0 2 0 8
2 2 2 1 2 0 0 0 2 8
2 2 2 1 0 2 2 0 0 8
2 2 2 1 0 2 0 2 0 8
2 2 2 1 0 2 0 0 2 8
2 2 2 1 0 0 2 2 0 8
2 2 2 1 0 0 2 0 2 8
2 2 2 1 0 0 0 2 2 8
2 2 2 0 2 2 1 0 0 64
2 2 2 0 2 2 0 1 0 128
2 2 2 0 2 2 0 0 1 256
2 2 2 0 2 1 2 0 0 32
2 2 2 0 2 1 0 2 0 32
2 2 2 0 2 1 0 0 2 32
2 2 2 0 2 0 2 1 0 128
2 2 2 0 2 0 2 0 1 256
2 2 2 0 2 0 1 2 0 64
2 2 2 0 2 0 1 0 2 64
2 2 2 0 2 0 0 2 1 256
2 2 2 0 2 0 0 1 2 128
2 2 2 0 1 2 2 0 0 16
2 2 2 0 1 2 0 2 0 16
2 2 2 0 1 2 0 0 2 16
2 2 2 0 1 0 2 2 0 16
2 2 2 0 1 0 2 0 2 16
2 2 2 0 1 0 0 2 2 16
2 2 2 0 0 2 2 1 0 128
2 2 2 0 0 2 2 0 1 256
2 2 2 0 0 2 1 2 0 64
2 2 2 0 0 2 1 0 2 64
2 2 2 0 0 2 0 2 1 256
2 2 2 0 0 2 0 1 2 128
2 2 2 0 0 1 2 2 0 32
2 2 2 0 0 1 2 0 2 32
2 2 2 0 0 1 0 2 2 32
2 2 2 0 0 0 2 2 1 256
2 2 2 0 0 0 2 1 2 128
2 2 2 0 0 0 1 2 2 64
2 2 1 2 2 2 0 0 0 4
2 2 1 2 2 0 2 0 0 4
2 2 1 2 2 0 0 2 0 4
2 2 1 2 2 0 0 0 2 4
2 2 1 2 0 2 2 0 0 4
2 2 1 2 0 2 0 2 0 4
2 2 1 2 0 2 0 0 2 4
2 2 1 2 0 0 2 2 0 4
2 2 1 2 0 0 2 0 2 4
2 2 1 2 0 0 0 2 2 4
2 2 1 0 2 2 2 0 0 4
2 2 1 0 2 2 0 2 0 4
2 2 1 0 2 2 0 0 2 4
2 2 1 0 2 0 2 2 0 4
2 2 1 0 2 0 2 0 2 4
2 2 1 0 2 0 0 2 2 4
2 2 1 0 0 2 2 2 0 4
2 2 1 0 0 2 2 0 2 4
2 2 1 0 0 2 0 2 2 4
2 2 1 0 0 0 2 2 2 4
2 2 0 2 2 2 1 0 0 64
2 2 0 2 2 2 0 1 0 128
2 2 0 2 2 2 0 0 1 256
2 2 0 2 2 1 2 0 0 32
2 2 0 2 2 1 0 2 0 32
2 2 0 2 2 1 0 0 2 32
2 2 0 2 2 0 2 1 0 128
2 2 0 2 2 0 2 0 1 256
2 2 0 2 2 0 1 2 0 64
2 2 0 2 2 0 1 0 2 64
2 2 0 2 2 0 0 2 1 256
2 2 0 2 2 0 0 1 2 128
2 2 0 2 1 2 2 0 0 16
2 2 0 2 1 2 0 2 0 16
2 2 0 2 1 2 0 0 2 16
2 2 0 2 1 0 2 2 0 16
2 2 0 2 1 0 2 0 2 16
2 2 0 2 1 0 0 2 2 16
2 2 0 2 0 2 2 1 0 128
2 2 0 2 0 2 2 0 1 256
2 2 0 2 0 2 1 2 0 64
2 2 0 2 0 2 1 0 2 64
2 2 0 2 0 2 0 2 1 256
2 2 0 2 0 2 0 1 2 128
2 2 0 2 0 1 2 2 0 32
2 2 0 2 0 1 2 0 2 32
2 2 0 2 0 1 0 2 2 32
2 2 0 2 0 0 2 2 1 256
2 2 0 2 0 0 2 1 2 128
2 2 0 2 0 0 1 2 2 64
2 2 0 1 2 2 2 0 0 8
2 2 0 1 2 2 0 2 0 8
2 2 0 1 2 2 0 0 2 8
2 2 0 1 2 0 2 2 0 8
2 2 0 1 2 0 2 0 2 8
2 2 0 1 2 0 0 2 2 8
2 2 0 1 0 2 2 2 0 8
2 2 0 1 0 2 2 0 2 8
2 2 0 1 0 2 0 2 2 8
2 2 0 1 0 0 2 2 2 8
2 2 0 0 2 2 2 1 0 128
2 2 0 0 2 2 2 0 1 256
2 2 0 0 2 2 1 2 0 64
2 2 0 0 2 2 1 0 2 64
2 2 0 0 2 2 0 2 1 256
2 2 0 0 2 2 0 1 2 128
2 2 0 0 2 1 2 2 0 32
2 2 0 0 2 1 2 0 2 32
2 2 0 0 2 1 0 2 2 32
2 2 0 0 2 0 2 2 1 256
2 2 0 0 2 0 2 1 2 128
2 2 0 0 2 0 1 2 2 64
2 2 0 0 1 2 2 2 0 16
2 2 0 0 1 2 2 0 2 16
2 2 0 0 1 2 0 2 2 16
2 2 0 0 1 0 2 2 2 16
2 2 0 0 0 2 2 2 1 256
2 2 0 0 0 2 2 1 2 128
2 2 0 0 0 2 1 2 2 64
2 2 0 0 0 1 2 2 2 32
2 1 2 2 2 2 0 0 0 2
2 1 2 2 2 0 2 0 0 2
2 1 2 2 2 0 0 2 0 2
2 1 2 2 2 0 0 0 2 2
2 1 2 2 0 2 2 0 0 2
2 1 2 2 0 2 0 2 0 2
2 1 2 2 0 2 0 0 2 2
2 1 2 2 0 0 2 2 0 2
2 1 2 2 0 0 2 0 2 2
2 1 2 2 0 0 0 2 2 2
2 1 2 0 2 2 2 0 0 2
2 1 2 0 2 2 0 2 0 2
2 1 2 0 2 2 0 0 2 2
2 1 2 0 2 0 2 2 0 2
2 1 2 0 2 0 2 0 2 2
2 1 2 0 2 0 0 2 2 2
2 1 2 0 0 2 2 2 0 2
2 1 2 0 0 2 2 0 2 2
2 1 2 0 0 2 0 2 2 2
2 1 2 0 0 0 2 2 2 2
2 1 0 2 2 2 2 0 0 2
2 1 0 2 2 2 0 2 0 2
2 1 0 2 2 2 0 0 2 2
2 1 0 2 2 0 2 2 0 2
2 1 0 2 2 0 2 0 2 2
2 1 0 2 2 0 0 2 2 2
2 1 0 2 0 2 2 2 0 2
2 1 0 2 0 2 2 0 2 2
2 1 0 2 0 2 0 2 2 2
2 1 0 2 0 0 2 2 2 2
2 1 0 0 2 2 2 2 0 2
2 1 0 0 2 2 2 0 2 2
2 1 0 0 2 2 0 2 2 2
2 1 0 0 2 0 2 2 2 2
2 1 0 0 0 2 2 2 2 2
2 0 2 2 2 2 1 0 0 64
2 0 2 2 2 2 0 1 0 128
2 0 2 2 2 2 0 0 1 256
2 0 2 2 2 1 2 0 0 32
2 0 2 2 2 1 0 2 0 32
2 0 2 2 2 1 0 0 2 32
2 0 2 2 2 0 2 1 0 128
2 0 2 2 2 0 2 0 1 256
2 0 2 2 2 0 1 2 0 64
2 0 2 2 2 0 1 0 2 64
2 0 2 2 2 0 0 2 1 256
2 0 2 2 2 0 0 1 2 128
2 0 2 2 1 2 2 0 0 16
2 0 2 2 1 2 0 2 0 16
2 0 2 2 1 2 0 0 2 16
2 0 2 2 1 0 2 2 0 16
2 0 2 2 1 0 2 0 2 16
2 0 2 2 1 0 0 2 2 16
2 0 2 2 0 2 2 1 0 128
2 0 2 2 0 2 2 0 1 256
2 0 2 2 0 2 1 2 0 64
2 0 2 2 0 2 1 0 2 64
2 0 2 2 0 2 0 2 1 256
2 0 2 2 0 2 0 1 2 128
2 0 2 2 0 1 2 2 0 32
2 0 2 2 0 1 2 0 2 32
2 0 2 2 0 1 0 2 2 32
2 0 2 2 0 0 2 2 1 256
2 0 2 2 0 0 2 1 2 128
2 0 2 2 0 0 1 2 2 64
2 0 2 1 2 2 2 0 0 8
2 0 2 1 2 2 0 2 0 8
2 0 2 1 2 2 0 0 2 8
2 0 2 1 2 0 2 2 0 8
2 0 2 1 2 0 2 0 2 8
2 0 2 1 2 0 0 2 2 8
2 0 2 1 0 2 2 2 0 8
2 0 2 1 0 2 2 0 2 8
2 0 2 1 0 2 0 2 2 8
2 0 2 1 0 0 2 2 2 8
2 0 2 0 2 2 2 1 0 128
2 0 2 0 2 2 2 0 1 256
2 0 2 0 2 2 1 2 0 64
2 0 2 0 2 2 1 0 2 64
2 0 2 0 2 2 0 2 1 256
2 0 2 0 2 2 0 1 2 128
2 0 2 0 2 1 2 2 0 32
2 0 2 0 2 1 2 0 2 32
2 0 2 0 2 1 0 2 2 32
2 0 2 0 2 0 2 2 1 256
2 0 2 0 2 0 2 1 2 128
2 0 2 0 2 0 1 2 2 64
2 0 2 0 1 2 2 2 0 16
2 0 2 0 1 2 2 0 2 16
2 0 2 0 1 2 0 2 2 16
2 0 2 0 1 0 2 2 2 16
2 0 2 0 0 2 2 2 1 256
2 0 2 0 0 2 2 1 2 128
2 0 2 0 0 2 1 2 2 64
2 0 2 0 0 1 2 2 2 32
2 0 1 2 2 2 2 0 0 4
2 0 1 2 2 2 0 2 0 4
2 0 1 2 2 2 0 0 2 4
2 0 1 2 2 0 2 2 0 4
2 0 1 2 2 0 2 0 2 4
2 0 1 2 2 0 0 2 2 4
2 0 1 2 0 2 2 2 0 4
2 0 1 2 0 2 2 0 2 4
2 0 1 2 0 2 0 2 2 4
2 0 1 2 0 0 2 2 2 4
2 0 1 0 2 2 2 2 0 4
2 0 1 0 2 2 2 0 2 4
2 0 1 0 2 2 0 2 2 4
2 0 1 0 2 0 2 2 2 4
2 0 1 0 0 2 2 2 2 4
2 0 0 2 2 2 2 1 0 128
2 0 0 2 2 2 2 0 1 256
2 0 0 2 2 2 1 2 0 64
2 0 0 2 2 2 1 0 2 64
2 0 0 2 2 2 0 2 1 256
2 0 0 2 2 2 0 1 2 128
2 0 0 2 2 1 2 2 0 32
2 0 0 2 2 1 2 0 2 32
2 0 0 2 2 1 0 2 2 32
2 0 0 2 2 0 2 2 1 256
2 0 0 2 2 0 2 1 2 128
2 0 0 2 2 0 1 2 2 64
2 0 0 2 1 2 2 2 0 16
2 0 0 2 1 2 2 0 2 16
2 0 0 2 1 2 0 2 2 16
2 0 0 2 1 0 2 2 2 16
2 0 0 2 0 2 2 2 1 256
2 0 0 2 0 2 2 1 2 128
2 0 0 2 0 2 1 2 2 64
2 0 0 2 0 1 2 2 2 32
2 0 0 1 2 2 2 2 0 8
2 0 0 1 2 2 2 0 2 8
2 0 0 1 2 2 0 2 2 8
2 0 0 1 2 0 2 2 2 8
2 0 0 1 0 2 2 2 2 8
2 0 0 0 2 2 2 2 1 256
2 0 0 0 2 2 2 1 2 128
2 0 0 0 2 2 1 2 2 64
2 0 0 0 2 1 2 2 2 32
2 0 0 0 1 2 2 2 2 16
1 2 2 2 2 2 0 0 0 1
1 2 2 2 2 0 2 0 0 1
1 2 2 2 2 0 0 2 0 1
1 2 2 2 2 0 0 0 2 1
1 2 2 2 0 2 2 0 0 1
1 2 2 2 0 2 0 2 0 1
1 2 2 2 0 2 0 0 2 1
1 2 2 2 0 0 2 2 0 1
1 2 2 2 0 0 2 0 2 1
1 2 2 2 0 0 0 2 2 1
1 2 2 0 2 2 2 0 0 1
1 2 2 0 2 2 0 2 0 1
1 2 2 0 2 2 0 0 2 1
1 2 2 0 2 0 2 2 0 1
1 2 2 0 2 0 2 0 2 1
1 2 2 0 2 0 0 2 2 1
1 2 2 0 0 2 2 2 0 1
1 2 2 0 0 2 2 0 2 1
1 2 2 0 0 2 0 2 2 1
1 2 2 0 0 0 2 2 2 1
1 2 0 2 2 2 2 0 0 1
1 2 0 2 2 2 0 2 0 1
1 2 0 2 2 2 0 0 2 1
1 2 0 2 2 0 2 2 0 1
1 2 0 2 2 0 2 0 2 1
1 2 0 2 2 0 0 2 2 1
1 2 0 2 0 2 2 2 0 1
1 2 0 2 0 2 2 0 2 1
1 2 0 2 0 2 0 2 2 1
1 2 0 2 0 0 2 2 2 1
1 2 0 0 2 2 2 2 0 1
1 2 0 0 2 2 2 0 2 1
1 2 0 0 2 2 0 2 2 1
1 2 0 0 2 0 2 2 2 1
1 2 0 0 0 2 2 2 2 1
1 0 2 2 2 2 2 0 0 1
1 0 2 2 2 2 0 2 0 1
1 0 2 2 2 2 0 0 2 1
1 0 2 2 2 0 2 2 0 1
1 0 2 2 2 0 2 0 2 1
1 0 2 2 2 0 0 2 2 1
1 0 2 2 0 2 2 2 0 1
1 0 2 2 0 2 2 0 2 1
1 0 2 2 0 2 0 2 2 1
1 0 2 2 0 0 2 2 2 1
1 0 2 0 2 2 2 2 0 1
1 0 2 0 2 2 2 0 2 1
1 0 2 0 2 2 0 2 2 1
1 0 2 0 2 0 2 2 2 1
1 0 2 0 0 2 2 2 2 1
1 0 0 2 2 2 2 2 0 1
1 0 0 2 2 2 2 0 2 1
1 0 0 2 2 2 0 2 2 1
1 0 0 2 2 0 2 2 2 1
1 0 0 2 0 2 2 2 2 1
1 0 0 0 2 2 2 2 2 1
0 2 2 2 2 2 1 0 0 64
0 2 2 2 2 2 0 1 0 128
0 2 2 2 2 2 0 0 1 256
0 2 2 2 2 1 2 0 0 32
0 2 2 2 2 1 0 2 0 32
0 2 2 2 2 1 0 0 2 32
0 2 2 2 2 0 2 1 0 128
0 2 2 2 2 0 2 0 1 256
0 2 2 2 2 0 1 2 0 64
0 2 2 2 2 0 1 0 2 64
0 2 2 2 2 0 0 2 1 256
0 2 2 2 2 0 0 1 2 128
0 2 2 2 1 2 2 0 0 16
0 2 2 2 1 2 0 2 0 16
0 2 2 2 1 2 0 0 2 16
0 2 2 2 1 0 2 2 0 16
0 2 2 2 1 0 2 0 2 16
0 2 2 2 1 0 0 2 2 16
0 2 2 2 0 2 2 1 0 128
0 2 2 2 0 2 2 0 1 256
0 2 2 2 0 2 1 2 0 64
0 2 2 2 0 2 1 0 2 64
0 2 2 2 0 2 0 2 1 256
0 2 2 2 0 2 0 1 2 128
0 2 2 2 0 1 2 2 0 32
0 2 2 2 0 1 2 0 2 32
0 2 2 2 0 1 0 2 2 32
0 2 2 2 0 0 2 2 1 256
0 2 2 2 0 0 2 1 2 128
0 2 2 2 0 0 1 2 2 64
0 2 2 1 2 2 2 0 0 8
0 2 2 1 2 2 0 2 0 8
0 2 2 1 2 2 0 0 2 8
0 2 2 1 2 0 2 2 0 8
0 2 2 1 2 0 2 0 2 8
0 2 2 1 2 0 0 2 2 8
0 2 2 1 0 2 2 2 0 8
0 2 2 1 0 2 2 0 2 8
0 2 2 1 0 2 0 2 2 8
0 2 2 1 0 0 2 2 2 8
0 2 2 0 2 2 2 1 0 128
0 2 2 0 2 2 2 0 1 256
0 2 2 0 2 2 1 2 0 64
0 2 2 0 2 2 1 0 2 64
0 2 2 0 2 2 0 2 1 256
0 2 2 0 2 2 0 1 2 128
0 2 2 0 2 1 2 2 0 32
0 2 2 0 2 1 2 0 2 32
0 2 2 0 2 1 0 2 2 32
0 2 2 0 2 0 2 2 1 256
0 2 2 0 2 0 2 1 2 128
0 2 2 0 2 0 1 2 2 64
0 2 2 0 1 2 2 2 0 16
0 2 2 0 1 2 2 0 2 16
0 2 2 0 1 2 0 2 2 16
0 2 2 0 1 0 2 2 2 16
0 2 2 0 0 2 2 2 1 256
0 2 2 0 0 2 2 1 2 128
0 2 2 0 0 2 1 2 2 64
0 2 2 0 0 1 2 2 2 32
0 2 1 2 2 2 2 0 0 4
0 2 1 2 2 2 0 2 0 4
0 2 1 2 2 2 0 0 2 4
0 2 1 2 2 0 2 2 0 4
0 2 1 2 2 0 2 0 2 4
0 2 1 2 2 0 0 2 2 4
0 2 1 2 0 2 2 2 0 4
0 2 1 2 0 2 2 0 2 4
0 2 1 2 0 2 0 2 2 4
0 2 1 2 0 0 2 2 2 4
0 2 1 0 2 2 2 2 0 4
0 2 1 0 2 2 2 0 2 4
0 2 1 0 2 2 0 2 2 4
0 2 1 0 2 0 2 2 2 4
0 2 1 0 0 2 2 2 2 4
0 2 0 2 2 2 2 1 0 128
0 2 0 2 2 2 2 0 1 256
0 2 0 2 2 2 1 2 0 64
0 2 0 2 2 2 1 0 2 64
0 2 0 2 2 2 0 2 1 256
0 2 0 2 2 2 0 1 2 128
0 2 0 2 2 1 2 2 0 32
0 2 0 2 2 1 2 0 2 32
0 2 0 2 2 1 0 2 2 32
0 2 0 2 2 0 2 2 1 256
0 2 0 2 2 0 2 1 2 128
0 2 0 2 2 0 1 2 2 64
0 2 0 2 1 2 2 2 0 16
0 2 0 2 1 2 2 0 2 16
0 2 0 2 1 2 0 2 2 16
0 2 0 2 1 0 2 2 2 16
0 2 0 2 0 2 2 2 1 256
0 2 0 2 0 2 2 1 2 128
0 2 0 2 0 2 1 2 2 64
0 2 0 2 0 1 2 2 2 32
0 2 0 1 2 2 2 2 0 8
0 2 0 1 2 2 2 0 2 8
0 2 0 1 2 2 0 2 2 8
0 2 0 1 2 0 2 2 2 8
0 2 0 1 0 2 2 2 2 8
0 2 0 0 2 2 2 2 1 256
0 2 0 0 2 2 2 1 2 128
0 2 0 0 2 2 1 2 2 64
0 2 0 0 2 1 2 2 2 32
0 2 0 0 1 2 2 2 2 16
0 1 2 2 2 2 2 0 0 2
0 1 2 2 2 2 0 2 0 2
0 1 2 2 2 2 0 0 2 2
0 1 2 2 2 0 2 2 0 2
0 1 2 2 2 0 2 0 2 2
0 1 2 2 2 0 0 2 2 2
0 1 2 2 0 2 2 2 0 2
0 1 2 2 0 2 2 0 2 2
0 1 2 2 0 2 0 2 2 2
0 1 2 2 0 0 2 2 2 2
0 1 2 0 2 2 2 2 0 2
0 1 2 0 2 2 2 0 2 2
0 1 2 0 2 2 0 2 2 2
0 1 2 0 2 0 2 2 2 2
0 1 2 0 0 2 2 2 2 2
0 1 0 2 2 2 2 2 0 2
0 1 0 2 2 2 2 0 2 2
0 1 0 2 2 2 0 2 2 2
0 1 0 2 2 0 2 2 2 2
0 1 0 2 0 2 2 2 2 2
0 1 0 0 2 2 2 2 2 2
0 0 2 2 2 2 2 1 0 128
0 0 2 2 2 2 2 0 1 256
0 0 2 2 2 2 1 2 0 64
0 0 2 2 2 2 1 0 2 64
0 0 2 2 2 2 0 2 1 256
0 0 2 2 2 2 0 1 2 128
0 0 2 2 2 1 2 2 0 32
0 0 2 2 2 1 2 0 2 32
0 0 2 2 2 1 0 2 2 32
0 0 2 2 2 0 2 2 1 256
0 0 2 2 2 0 2 1 2 128
0 0 2 2 2 0 1 2 2 64
0 0 2 2 1 2 2 2 0 16
0 0 2 2 1 2 2 0 2 16
0 0 2 2 1 2 0 2 2 16
0 0 2 2 1 0 2 2 2 16
0 0 2 2 0 2 2 2 1 256
0 0 2 2 0 2 2 1 2 128
0 0 2 2 0 2 1 2 2 64
0 0 2 2 0 1 2 2 2 32
0 0 2 1 2 2 2 2 0 8
0 0 2 1 2 2 2 0 2 8
0 0 2 1 2 2 0 2 2 8
0 0 2 1 2 0 2 2 2 8
0 0 2 1 0 2 2 2 2 8
0 0 2 0 2 2 2 2 1 256
0 0 2 0 2 2 2 1 2 128
0 0 2 0 2 2 1 2 2 64
0 0 2 0 2 1 2 2 2 32
0 0 2 0 1 2 2 2 2 16
0 0 1 2 2 2 2 2 0 4
0 0 1 2 2 2 2 0 2 4
0 0 1 2 2 2 0 2 2 4
0 0 1 2 2 0 2 2 2 4
0 0 1 2 0 2 2 2 2 4
0 0 1 0 2 2 2 2 2 4
0 0 0 2 2 2 2 2 1 256
0 0 0 2 2 2 2 1 2 128
0 0 0 2 2 2 1 2 2 64
0 0 0 2 2 1 2 2 2 32
0 0 0 2 1 2 2 2 2 16
0 0 0 1 2 2 2 2 2 8
2 2 2 2 2 2 1 0 0 64
2 2 2 2 2 2 0 1 0 128
2 2 2 2 2 2 0 0 1 256
2 2 2 2 2 1 2 0 0 32
2 2 2 2 2 1 0 2 0 32
2 2 2 2 2 1 0 0 2 32
2 2 2 2 2 0 2 1 0 128
2 2 2 2 2 0 2 0 1 256
2 2 2 2 2 0 1 2 0 64
2 2 2 2 2 0 1 0 2 64
2 2 2 2 2 0 0 2 1 256
2 2 2 2 2 0 0 1 2 128
2 2 2 2 1 2 2 0 0 16
2 2 2 2 1 2 0 2 0 16
2 2 2 2 1 2 0 0 2 16
2 2 2 2 1 0 2 2 0 16
2 2 2 2 1 0 2 0 2 16
2 2 2 2 1 0 0 2 2 16
2 2 2 2 0 2 2 1 0 128
2 2 2 2 0 2 2 0 1 256
2 2 2 2 0 2 1 2 0 64
2 2 2 2 0 2 1 0 2 64
2 2 2 2 0 2 0 2 1 256
2 2 2 2 0 2 0 1 2 128
2 2 2 2 0 1 2 2 0 32
2 2 2 2 0 1 2 0 2 32
2 2 2 2 0 1 0 2 2 32
2 2 2 2 0 0 2 2 1 256
2 2 2 2 0 0 2 1 2 128
2 2 2 2 0 0 1 2 2 64
2 2 2 1 2 2 2 0 0 8
2 2 2 1 2 2 0 2 0 8
2 2 2 1 2 2 0 0 2 8
2 2 2 1 2 0 2 2 0 8
2 2 2 1 2 0 2 0 2 8
2 2 2 1 2 0 0 2 2 8
2 2 2 1 0 2 2 2 0 8
2 2 2 1 0 2 2 0 2 8
2 2 2 1 0 2 0 2 2 8
2 2 2 1 0 0 2 2 2 8
2 2 2 0 2 2 2 1 0 128
2 2 2 0 2 2 2 0 1 256
2 2 2 0 2 2 1 2 0 64
2 2 2 0 2 2 1 0 2 64
2 2 2 0 2 2 0 2 1 256
2 2 2 0 2 2 0 1 2 128
2 2 2 0 2 1 2 2 0 32
2 2 2 0 2 1 2 0 2 32
2 2 2 0 2 1 0 2 2 32
2 2 2 0 2 0 2 2 1 256
2 2 2 0 2 0 2 1 2 128
2 2 2 0 2 0 1 2 2 64
2 2 2 0 1 2 2 2 0 16
2 2 2 0 1 2 2 0 2 16
2 2 2 0 1 2 0 2 2 16
2 2 2 0 1 0 2 2 2 16
2 2 2 0 0 2 2 2 1 256
2 2 2 0 0 2 2 1 2 128
2 2 2 0 0 2 1 2 2 64
2 2 2 0 0 1 2 2 2 32
2 2 1 2 2 2 2 0 0 4
2 2 1 2 2 2 0 2 0 4
2 2 1 2 2 2 0 0 2 4
2 2 1 2 2 0 2 2 0 4
2 2 1 2 2 0 2 0 2 4
2 2 1 2 2 0 0 2 2 4
2 2 1 2 0 2 2 2 0 4
2 2 1 2 0 2 2 0 2 4
2 2 1 2 0 2 0 2 2 4
2 2 1 2 0 0 2 2 2 4
2 2 1 0 2 2 2 2 0 4
2 2 1 0 2 2 2 0 2 4
2 2 1 0 2 2 0 2 2 4
2 2 1 0 2 0 2 2 2 4
2 2 1 0 0 2 2 2 2 4
2 2 0 2 2 2 2 1 0 128
2 2 0 2 2 2 2 0 1 256
2 2 0 2 2 2 1 2 0 64
2 2 0 2 2 2 1 0 2 64
2 2 0 2 2 2 0 2 1 256
2 2 0 2 2 2 0 1 2 128
2 2 0 2 2 1 2 2 0 32
2 2 0 2 2 1 2 0 2 32
2 2 0 2 2 1 0 2 2 32
2 2 0 2 2 0 2 2 1 256
2 2 0 2 2 0 2 1 2 128
2 2 0 2 2 0 1 2 2 64
2 2 0 2 1 2 2 2 0 16
2 2 0 2 1 2 2 0 2 16
2 2 0 2 1 2 0 2 2 16
2 2 0 2 1 0 2 2 2 16
2 2 0 2 0 2 2 2 1 256
2 2 0 2 0 2 2 1 2 128
2 2 0 2 0 2 1 2 2 64
2 2 0 2 0 1 2 2 2 32
2 2 0 1 2 2 2 2 0 8
2 2 0 1 2 2 2 0 2 8
2 2 0 1 2 2 0 2 2 8
2 2 0 1 2 0 2 2 2 8
2 2 0 1 0 2 2 2 2 8
2 2 0 0 2 2 2 2 1 256
2 2 0 0 2 2 2 1 2 128
2 2 0 0 2 2 1 2 2 64
2 2 0 0 2 1 2 2 2 32
2 2 0 0 1 2 2 2 2 16
2 1 2 2 2 2 2 0 0 2
2 1 2 2 2 2 0 2 0 2
2 1 2 2 2 2 0 0 2 2
2 1 2 2 2 0 2 2 0 2
2 1 2 2 2 0 2 0 2 2
2 1 2 2 2 0 0 2 2 2
2 1 2 2 0 2 2 2 0 2
2 1 2 2 0 2 2 0 2 2
2 1 2 2 0 2 0 2 2 2
2 1 2 2 0 0 2 2 2 2
2 1 2 0 2 2 2 2 0 2
2 1 2 0 2 2 2 0 2 2
2 1 2 0 2 2 0 2 2 2
2 1 2 0 2 0 2 2 2 2
2 1 2 0 0 2 2 2 2 2
2 1 0 2 2 2 2 2 0 2
2 1 0 2 2 2 2 0 2 2
2 1 0 2 2 2 0 2 2 2
2 1 0 2 2 0 2 2 2 2
2 1 0 2 0 2 2 2 2 2
2 1 0 0 2 2 2 2 2 2
2 0 2 2 2 2 2 1 0 128
2 0 2 2 2 2 2 0 1 256
2 0 2 2 2 2 1 2 0 64
2 0 2 2 2 2 1 0 2 64
2 0 2 2 2 2 0 2 1 256
2 0 2 2 2 2 0 1 2 128
2 0 2 2 2 1 2 2 0 32
2 0 2 2 2 1 2 0 2 32
2 0 2 2 2 1 0 2 2 32
2 0 2 2 2 0 2 2 1 256
2 0 2 2 2 0 2 1 2 128
2 0 2 2 2 0 1 2 2 64
2 0 2 2 1 2 2 2 0 16
2 0 2 2 1 2 2 0 2 16
2 0 2 2 1 2 0 2 2 16
2 0 2 2 1 0 2 2 2 16
2 0 2 2 0 2 2 2 1 256
2 0 2 2 0 2 2 1 2 128
2 0 2 2 0 2 1 2 2 64
2 0 2 2 0 1 2 2 2 32
2 0 2 1 2 2 2 2 0 8
2 0 2 1 2 2 2 0 2 8
2 0 2 1 2 2 0 2 2 8
2 0 2 1 2 0 2 2 2 8
2 0 2 1 0 2 2 2 2 8
2 0 2 0 2 2 2 2 1 256
2 0 2 0 2 2 2 1 2 128
2 0 2 0 2 2 1 2 2 64
2 0 2 0 2 1 2 2 2 32
2 0 2 0 1 2 2 2 2 16
2 0 1 2 2 2 2 2 0 4
2 0 1 2 2 2 2 0 2 4
2 0 1 2 2 2 0 2 2 4
2 0 1 2 2 0 2 2 2 4
2 0 1 2 0 2 2 2 2 4
2 0 1 0 2 2 2 2 2 4
2 0 0 2 2 2 2 2 1 256
2 0 0 2 2 2 2 1 2 128
2 0 0 2 2 2 1 2 2 64
2 0 0 2 2 1 2 2 2 32
2 0 0 2 1 2 2 2 2 16
2 0 0 1 2 2 2 2 2 8
1 2 2 2 2 2 2 0 0 1
1 2 2 2 2 2 0 2 0 1
1 2 2 2 2 2 0 0 2 1
1 2 2 2 2 0 2 2 0 1
1 2 2 2 2 0 2 0 2 1
1 2 2 2 2 0 0 2 2 1
1 2 2 2 0 2 2 2 0 1
1 2 2 2 0 2 2 0 2 1
1 2 2 2 0 2 0 2 2 1
1 2 2 2 0 0 2 2 2 1
1 2 2 0 2 2 2 2 0 1
1 2 2 0 2 2 2 0 2 1
1 2 2 0 2 2 0 2 2 1
1 2 2 0 2 0 2 2 2 1
1 2 2 0 0 2 2 2 2 1
1 2 0 2 2 2 2 2 0 1
1 2 0 2 2 2 2 0 2 1
1 2 0 2 2 2 0 2 2 1
1 2 0 2 2 0 2 2 2 1
1 2 0 2 0 2 2 2 2 1
1 2 0 0 2 2 2 2 2 1
1 0 2 2 2 2 2 2 0 1
1 0 2 2 2 2 2 0 2 1
1 0 2 2 2 2 0 2 2 1
1 0 2 2 2 0 2 2 2 1
1 0 2 2 0 2 2 2 2 1
1 0 2 0 2 2 2 2 2 1
1 0 0 2 2 2 2 2 2 1
0 2 2 2 2 2 2 1 0 128
0 2 2 2 2 2 2 0 1 256
0 2 2 2 2 2 1 2 0 64
0 2 2 2 2 2 1 0 2 64
0 2 2 2 2 2 0 2 1 256
0 2 2 2 2 2 0 1 2 128
0 2 2 2 2 1 2 2 0 32
0 2 2 2 2 1 2 0 2 32
0 2 2 2 2 1 0 2 2 32
0 2 2 2 2 0 2 2 1 256
0 2 2 2 2 0 2 1 2 128
0 2 2 2 2 0 1 2 2 64
0 2 2 2 1 2 2 2 0 16
0 2 2 2 1 2 2 0 2 16
0 2 2 2 1 2 0 2 2 16
0 2 2 2 1 0 2 2 2 16
0 2 2 2 0 2 2 2 1 256
0 2 2 2 0 2 2 1 2 128
0 2 2 2 0 2 1 2 2 64
0 2 2 2 0 1 2 2 2 32
0 2 2 1 2 2 2 2 0 8
0 2 2 1 2 2 2 0 2 8
0 2 2 1 2 2 0 2 2 8
0 2 2 1 2 0 2 2 2 8
0 2 2 1 0 2 2 2 2 8
0 2 2 0 2 2 2 2 1 256
0 2 2 0 2 2 2 1 2 128
0 2 2 0 2 2 1 2 2 64
0 2 2 0 2 1 2 2 2 32
0 2 2 0 1 2 2 2 2 16
0 2 1 2 2 2 2 2 0 4
0 2 1 2 2 2 2 0 2 4
0 2 1 2 2 2 0 2 2 4
0 2 1 2 2 0 2 2 2 4
0 2 1 2 0 2 2 2 2 4
0 2 1 0 2 2 2 2 2 4
0 2 0 2 2 2 2 2 1 256
0 2 0 2 2 2 2 1 2 128
0 2 0 2 2 2 1 2 2 64
0 2 0 2 2 1 2 2 2 32
0 2 0 2 1 2 2 2 2 16
0 2 0 1 2 2 2 2 2 8
0 1 2 2 2 2 2 2 0 2
0 1 2 2 2 2 2 0 2 2
0 1 2 2 2 2 0 2 2 2
0 1 2 2 2 0 2 2 2 2
0 1 2 2 0 2 2 2 2 2
0 1 2 0 2 2 2 2 2 2
0 1 0 2 2 2 2 2 2 2
0 0 2 2 2 2 2 2 1 256
0 0 2 2 2 2 2 1 2 128
0 0 2 2 2 2 1 2 2 64
0 0 2 2 2 1 2 2 2 32
0 0 2 2 1 2 2 2 2 16
0 0 2 1 2 2 2 2 2 8
0 0 1 2 2 2 2 2 2 4
