1 0 0 0 0 0 0 1
0 1 0 0 0 0 0 2
0 0 1 0 0 0 0 4
0 0 0 1 0 0 0 8
0 0 0 0 1 0 0 16
0 0 0 0 0 1 0 32
0 0 0 0 0 0 1 64
3 1 0 0 0 0 0 2
3 0 1 0 0 0 0 4
3 0 0 1 0 0 0 8
3 0 0 0 1 0 0 16
3 0 0 0 0 1 0 32
3 0 0 0 0 0 1 64
2 2 0 0 0 0 0 3
2 0 2 0 0 0 0 5
2 0 0 2 0 0 0 9
2 0 0 0 2 0 0 17
2 0 0 0 0 2 0 33
2 0 0 0 0 0 2 65
1 3 0 0 0 0 0 1
1 0 3 0 0 0 0 1
1 0 0 3 0 0 0 1
1 0 0 0 3 0 0 1
1 0 0 0 0 3 0 1
1 0 0 0 0 0 3 1
0 3 1 0 0 0 0 4
0 3 0 1 0 0 0 8
0 3 0 0 1 0 0 16
0 3 0 0 0 1 0 32
0 3 0 0 0 0 1 64
0 2 2 0 0 0 0 6
0 2 0 2 0 0 0 10
0 2 0 0 2 0 0 18
0 2 0 0 0 2 0 34
0 2 0 0 0 0 2 66
0 1 3 0 0 0 0 2
0 1 0 3 0 0 0 2
0 1 0 0 3 0 0 2
0 1 0 0 0 3 0 2
0 1 0 0 0 0 3 2
0 0 3 1 0 0 0 8
0 0 3 0 1 0 0 16
0 0 3 0 0 1 0 32
0 0 3 0 0 0 1 64
0 0 2 2 0 0 0 12
0 0 2 0 2 0 0 20
0 0 2 0 0 2 0 36
0 0 2 0 0 0 2 68
0 0 1 3 0 0 0 4
0 0 1 0 3 0 0 4
0 0 1 0 0 3 0 4
0 0 1 0 0 0 3 4
0 0 0 3 1 0 0 16
0 0 0 3 0 1 0 32
0 0 0 3 0 0 1 64
0 0 0 2 2 0 0 24
0 0 0 2 0 2 0 40
0 0 0 2 0 0 2 72
0 0 0 1 3 0 0 8
0 0 0 1 0 3 0 8
0 0 0 1 0 0 3 8
0 0 0 0 3 1 0 32
0 0 0 0 3 0 1 64
0 0 0 0 2 2 0 48
0 0 0 0 2 0 2 80
0 0 0 0 1 3 0 16
0 0 0 0 1 0 3 16
0 0 0 0 0 3 1 64
0 0 0 0 0 2 2 96
0 0 0 0 0 1 3 32
3 3 1 0 0 0 0 4
3 3 0 1 0 0 0 8
3 3 0 0 1 0 0 16
3 3 0 0 0 1 0 32
3 3 0 0 0 0 1 64
3 2 2 0 0 0 0 6
3 2 0 2 0 0 0 10
3 2 0 0 2 0 0 18
3 2 0 0 0 2 0 34
3 2 0 0 0 0 2 66
3 1 3 0 0 0 0 2
3 1 0 3 0 0 0 2
3 1 0 0 3 0 0 2
3 1 0 0 0 3 0 2
3 1 0 0 0 0 3 2
3 0 3 1 0 0 0 8
3 0 3 0 1 0 0 16
3 0 3 0 0 1 0 32
3 0 3 0 0 0 1 64
3 0 2 2 0 0 0 12
3 0 2 0 2 0 0 20
3 0 2 0 0 2 0 36
3 0 2 0 0 0 2 68
3 0 1 3 0 0 0 4
3 0 1 0 3 0 0 4
3 0 1 0 0 3 0 4
3 0 1 0 0 0 3 4
3 0 0 3 1 0 0 16
3 0 0 3 0 1 0 32
3 0 0 3 0 0 1 64
3 0 0 2 2 0 0 24
3 0 0 2 0 2 0 40
3 0 0 2 0 0 2 72
3 0 0 1 3 0 0 8
3 0 0 1 0 3 0 8
3 0 0 1 0 0 3 8
3 0 0 0 3 1 0 32
3 0 0 0 3 0 1 64
3 0 0 0 2 2 0 48
3 0 0 0 2 0 2 80
3 0 0 0 1 3 0 16
3 0 0 0 1 0 3 16
3 0 0 0 0 3 1 64
3 0 0 0 0 2 2 96
3 0 0 0 0 1 3 32
2 3 2 0 0 0 0 5
2 3 0 2 0 0 0 9
2 3 0 0 2 0 0 17
2 3 0 0 0 2 0 33
2 3 0 0 0 0 2 65
2 2 3 0 0 0 0 3
2 2 0 3 0 0 0 3
2 2 0 0 3 0 0 3
2 2 0 0 0 3 0 3
2 2 0 0 0 0 3 3
2 0 3 2 0 0 0 9
2 0 3 0 2 0 0 17
2 0 3 0 0 2 0 33
2 0 3 0 0 0 2 65
2 0 2 3 0 0 0 5
2 0 2 0 3 0 0 5
2 0 2 0 0 3 0 5
2 0 2 0 0 0 3 5
2 0 0 3 2 0 0 17
2 0 0 3 0 2 0 33
2 0 0 3 0 0 2 65
2 0 0 2 3 0 0 9
2 0 0 2 0 3 0 9
2 0 0 2 0 0 3 9
2 0 0 0 3 2 0 33
2 0 0 0 3 0 2 65
2 0 0 0 2 3 0 17
2 0 0 0 2 0 3 17
2 0 0 0 0 3 2 65
2 0 0 0 0 2 3 33
1 3 3 0 0 0 0 1
1 3 0 3 0 0 0 1
1 3 0 0 3 0 0 1
1 3 0 0 0 3 0 1
1 3 0 0 0 0 3 1
1 0 3 3 0 0 0 1
1 0 3 0 3 0 0 1
1 0 3 0 0 3 0 1
1 0 3 0 0 0 3 1
1 0 0 3 3 0 0 1
1 0 0 3 0 3 0 1
1 0 0 3 0 0 3 1
1 0 0 0 3 3 0 1
1 0 0 0 3 0 3 1
1 0 0 0 0 3 3 1
0 3 3 1 0 0 0 8
0 3 3 0 1 0 0 16
0 3 3 0 0 1 0 32
0 3 3 0 0 0 1 64
0 3 2 2 0 0 0 12
0 3 2 0 2 0 0 20
0 3 2 0 0 2 0 36
0 3 2 0 0 0 2 68
0 3 1 3 0 0 0 4
0 3 1 0 3 0 0 4
0 3 1 0 0 3 0 4
0 3 1 0 0 0 3 4
0 3 0 3 1 0 0 16
0 3 0 3 0 1 0 32
0 3 0 3 0 0 1 64
0 3 0 2 2 0 0 24
0 3 0 2 0 2 0 40
0 3 0 2 0 0 2 72
0 3 0 1 3 0 0 8
0 3 0 1 0 3 0 8
0 3 0 1 0 0 3 8
0 3 0 0 3 1 0 32
0 3 0 0 3 0 1 64
0 3 0 0 2 2 0 48
0 3 0 0 2 0 2 80
0 3 0 0 1 3 0 16
0 3 0 0 1 0 3 16
0 3 0 0 0 3 1 64
0 3 0 0 0 2 2 96
0 3 0 0 0 1 3 32
0 2 3 2 0 0 0 10
0 2 3 0 2 0 0 18
0 2 3 0 0 2 0 34
0 2 3 0 0 0 2 66
0 2 2 3 0 0 0 6
0 2 2 0 3 0 0 6
0 2 2 0 0 3 0 6
0 2 2 0 0 0 3 6
0 2 0 3 2 0 0 18
0 2 0 3 0 2 0 34
0 2 0 3 0 0 2 66
0 2 0 2 3 0 0 10
0 2 0 2 0 3 0 10
0 2 0 2 0 0 3 10
0 2 0 0 3 2 0 34
0 2 0 0 3 0 2 66
0 2 0 0 2 3 0 18
0 2 0 0 2 0 3 18
0 2 0 0 0 3 2 66
0 2 0 0 0 2 3 34
0 1 3 3 0 0 0 2
0 1 3 0 3 0 0 2
0 1 3 0 0 3 0 2
0 1 3 0 0 0 3 2
0 1 0 3 3 0 0 2
0 1 0 3 0 3 0 2
0 1 0 3 0 0 3 2
0 1 0 0 3 3 0 2
0 1 0 0 3 0 3 2
0 1 0 0 0 3 3 2
0 0 3 3 1 0 0 16
0 0 3 3 0 1 0 32
0 0 3 3 0 0 1 64
0 0 3 2 2 0 0 24
0 0 3 2 0 2 0 40
0 0 3 2 0 0 2 72
0 0 3 1 3 0 0 8
0 0 3 1 0 3 0 8
0 0 3 1 0 0 3 8
0 0 3 0 3 1 0 32
0 0 3 0 3 0 1 64
0 0 3 0 2 2 0 48
0 0 3 0 2 0 2 80
0 0 3 0 1 3 0 16
0 0 3 0 1 0 3 16
0 0 3 0 0 3 1 64
0 0 3 0 0 2 2 96
0 0 3 0 0 1 3 32
0 0 2 3 2 0 0 20
0 0 2 3 0 2 0 36
0 0 2 3 0 0 2 68
0 0 2 2 3 0 0 12
0 0 2 2 0 3 0 12
0 0 2 2 0 0 3 12
0 0 2 0 3 2 0 36
0 0 2 0 3 0 2 68
0 0 2 0 2 3 0 20
0 0 2 0 2 0 3 20
0 0 2 0 0 3 2 68
0 0 2 0 0 2 3 36
0 0 1 3 3 0 0 4
0 0 1 3 0 3 0 4
0 0 1 3 0 0 3 4
0 0 1 0 3 3 0 4
0 0 1 0 3 0 3 4
0 0 1 0 0 3 3 4
0 0 0 3 3 1 0 32
0 0 0 3 3 0 1 64
0 0 0 3 2 2 0 48
0 0 0 3 2 0 2 80
0 0 0 3 1 3 0 16
0 0 0 3 1 0 3 16
0 0 0 3 0 3 1 64
0 0 0 3 0 2 2 96
0 0 0 3 0 1 3 32
0 0 0 2 3 2 0 40
0 0 0 2 3 0 2 72
0 0 0 2 2 3 0 24
0 0 0 2 2 0 3 24
0 0 0 2 0 3 2 72
0 0 0 2 0 2 3 40
0 0 0 1 3 3 0 8
0 0 0 1 3 0 3 8
0 0 0 1 0 3 3 8
0 0 0 0 3 3 1 64
0 0 0 0 3 2 2 96
0 0 0 0 3 1 3 32
0 0 0 0 2 3 2 80
0 0 0 0 2 2 3 48
0 0 0 0 1 3 3 16
3 3 3 1 0 0 0 8
3 3 3 0 1 0 0 16
3 3 3 0 0 1 0 32
3 3 3 0 0 0 1 64
3 3 2 2 0 0 0 12
3 3 2 0 2 0 0 20
3 3 2 0 0 2 0 36
3 3 2 0 0 0 2 68
3 3 1 3 0 0 0 4
3 3 1 0 3 0 0 4
3 3 1 0 0 3 0 4
3 3 1 0 0 0 3 4
3 3 0 3 1 0 0 16
3 3 0 3 0 1 0 32
3 3 0 3 0 0 1 64
3 3 0 2 2 0 0 24
3 3 0 2 0 2 0 40
3 3 0 2 0 0 2 72
3 3 0 1 3 0 0 8
3 3 0 1 0 3 0 8
3 3 0 1 0 0 3 8
3 3 0 0 3 1 0 32
3 3 0 0 3 0 1 64
3 3 0 0 2 2 0 48
3 3 0 0 2 0 2 80
3 3 0 0 1 3 0 16
3 3 0 0 1 0 3 16
3 3 0 0 0 3 1 64
3 3 0 0 0 2 2 96
3 3 0 0 0 1 3 32
3 2 3 2 0 0 0 10
3 2 3 0 2 0 0 18
3 2 3 0 0 2 0 34
3 2 3 0 0 0 2 66
3 2 2 3 0 0 0 6
3 2 2 0 3 0 0 6
3 2 2 0 0 3 0 6
3 2 2 0 0 0 3 6
3 2 0 3 2 0 0 18
3 2 0 3 0 2 0 34
3 2 0 3 0 0 2 66
3 2 0 2 3 0 0 10
3 2 0 2 0 3 0 10
3 2 0 2 0 0 3 10
3 2 0 0 3 2 0 34
3 2 0 0 3 0 2 66
3 2 0 0 2 3 0 18
3 2 0 0 2 0 3 18
3 2 0 0 0 3 2 66
3 2 0 0 0 2 3 34
3 1 3 3 0 0 0 2
3 1 3 0 3 0 0 2
3 1 3 0 0 3 0 2
3 1 3 0 0 0 3 2
3 1 0 3 3 0 0 2
3 1 0 3 0 3 0 2
3 1 0 3 0 0 3 2
3 1 0 0 3 3 0 2
3 1 0 0 3 0 3 2
3 1 0 0 0 3 3 2
3 0 3 3 1 0 0 16
3 0 3 3 0 1 0 32
3 0 3 3 0 0 1 64
3 0 3 2 2 0 0 24
3 0 3 2 0 2 0 40
3 0 3 2 0 0 2 72
3 0 3 1 3 0 0 8
3 0 3 1 0 3 0 8
3 0 3 1 0 0 3 8
3 0 3 0 3 1 0 32
3 0 3 0 3 0 1 64
3 0 3 0 2 2 0 48
3 0 3 0 2 0 2 80
3 0 3 0 1 3 0 16
3 0 3 0 1 0 3 16
3 0 3 0 0 3 1 64
3 0 3 0 0 2 2 96
3 0 3 0 0 1 3 32
3 0 2 3 2 0 0 20
3 0 2 3 0 2 0 36
3 0 2 3 0 0 2 68
3 0 2 2 3 0 0 12
3 0 2 2 0 3 0 12
3 0 2 2 0 0 3 12
3 0 2 0 3 2 0 36
3 0 2 0 3 0 2 68
3 0 2 0 2 3 0 20
3 0 2 0 2 0 3 20
3 0 2 0 0 3 2 68
3 0 2 0 0 2 3 36
3 0 1 3 3 0 0 4
3 0 1 3 0 3 0 4
3 0 1 3 0 0 3 4
3 0 1 0 3 3 0 4
3 0 1 0 3 0 3 4
3 0 1 0 0 3 3 4
3 0 0 3 3 1 0 32
3 0 0 3 3 0 1 64
3 0 0 3 2 2 0 48
3 0 0 3 2 0 2 80
3 0 0 3 1 3 0 16
3 0 0 3 1 0 3 16
3 0 0 3 0 3 1 64
3 0 0 3 0 2 2 96
3 0 0 3 0 1 3 32
3 0 0 2 3 2 0 40
3 0 0 2 3 0 2 72
3 0 0 2 2 3 0 24
3 0 0 2 2 0 3 24
3 0 0 2 0 3 2 72
3 0 0 2 0 2 3 40
3 0 0 1 3 3 0 8
3 0 0 1 3 0 3 8
3 0 0 1 0 3 3 8
3 0 0 0 3 3 1 64
3 0 0 0 3 2 2 96
3 0 0 0 3 1 3 32
3 0 0 0 2 3 2 80
3 0 0 0 2 2 3 48
3 0 0 0 1 3 3 16
2 3 3 2 0 0 0 9
2 3 3 0 2 0 0 17
2 3 3 0 0 2 0 33
2 3 3 0 0 0 2 65
2 3 2 3 0 0 0 5
2 3 2 0 3 0 0 5
2 3 2 0 0 3 0 5
2 3 2 0 0 0 3 5
2 3 0 3 2 0 0 17
2 3 0 3 0 2 0 33
2 3 0 3 0 0 2 65
2 3 0 2 3 0 0 9
2 3 0 2 0 3 0 9
2 3 0 2 0 0 3 9
2 3 0 0 3 2 0 33
2 3 0 0 3 0 2 65
2 3 0 0 2 3 0 17
2 3 0 0 2 0 3 17
2 3 0 0 0 3 2 65
2 3 0 0 0 2 3 33
2 2 3 3 0 0 0 3
2 2 3 0 3 0 0 3
2 2 3 0 0 3 0 3
2 2 3 0 0 0 3 3
2 2 0 3 3 0 0 3
2 2 0 3 0 3 0 3
2 2 0 3 0 0 3 3
2 2 0 0 3 3 0 3
2 2 0 0 3 0 3 3
2 2 0 0 0 3 3 3
2 0 3 3 2 0 0 17
2 0 3 3 0 2 0 33
2 0 3 3 0 0 2 65
2 0 3 2 3 0 0 9
2 0 3 2 0 3 0 9
2 0 3 2 0 0 3 9
2 0 3 0 3 2 0 33
2 0 3 0 3 0 2 65
2 0 3 0 2 3 0 17
2 0 3 0 2 0 3 17
2 0 3 0 0 3 2 65
2 0 3 0 0 2 3 33
2 0 2 3 3 0 0 5
2 0 2 3 0 3 0 5
2 0 2 3 0 0 3 5
2 0 2 0 3 3 0 5
2 0 2 0 3 0 3 5
2 0 2 0 0 3 3 5
2 0 0 3 3 2 0 33
2 0 0 3 3 0 2 65
2 0 0 3 2 3 0 17
2 0 0 3 2 0 3 17
2 0 0 3 0 3 2 65
2 0 0 3 0 2 3 33
2 0 0 2 3 3 0 9
2 0 0 2 3 0 3 9
2 0 0 2 0 3 3 9
2 0 0 0 3 3 2 65
2 0 0 0 3 2 3 33
2 0 0 0 2 3 3 17
1 3 3 3 0 0 0 1
1 3 3 0 3 0 0 1
1 3 3 0 0 3 0 1
1 3 3 0 0 0 3 1
1 3 0 3 3 0 0 1
1 3 0 3 0 3 0 1
1 3 0 3 0 0 3 1
1 3 0 0 3 3 0 1
1 3 0 0 3 0 3 1
1 3 0 0 0 3 3 1
1 0 3 3 3 0 0 1
1 0 3 3 0 3 0 1
1 0 3 3 0 0 3 1
1 0 3 0 3 3 0 1
1 0 3 0 3 0 3 1
1 0 3 0 0 3 3 1
1 0 0 3 3 3 0 1
1 0 0 3 3 0 3 1
1 0 0 3 0 3 3 1
1 0 0 0 3 3 3 1
0 3 3 3 1 0 0 16
0 3 3 3 0 1 0 32
0 3 3 3 0 0 1 64
0 3 3 2 2 0 0 24
0 3 3 2 0 2 0 40
0 3 3 2 0 0 2 72
0 3 3 1 3 0 0 8
0 3 3 1 0 3 0 8
0 3 3 1 0 0 3 8
0 3 3 0 3 1 0 32
0 3 3 0 3 0 1 64
0 3 3 0 2 2 0 48
0 3 3 0 2 0 2 80
0 3 3 0 1 3 0 16
0 3 3 0 1 0 3 16
0 3 3 0 0 3 1 64
0 3 3 0 0 2 2 96
0 3 3 0 0 1 3 32
0 3 2 3 2 0 0 20
0 3 2 3 0 2 0 36
0 3 2 3 0 0 2 68
0 3 2 2 3 0 0 12
0 3 2 2 0 3 0 12
0 3 2 2 0 0 3 12
0 3 2 0 3 2 0 36
0 3 2 0 3 0 2 68
0 3 2 0 2 3 0 20
0 3 2 0 2 0 3 20
0 3 2 0 0 3 2 68
0 3 2 0 0 2 3 36
0 3 1 3 3 0 0 4
0 3 1 3 0 3 0 4
0 3 1 3 0 0 3 4
0 3 1 0 3 3 0 4
0 3 1 0 3 0 3 4
0 3 1 0 0 3 3 4
0 3 0 3 3 1 0 32
0 3 0 3 3 0 1 64
0 3 0 3 2 2 0 48
0 3 0 3 2 0 2 80
0 3 0 3 1 3 0 16
0 3 0 3 1 0 3 16
0 3 0 3 0 3 1 64
0 3 0 3 0 2 2 96
0 3 0 3 0 1 3 32
0 3 0 2 3 2 0 40
0 3 0 2 3 0 2 72
0 3 0 2 2 3 0 24
0 3 0 2 2 0 3 24
0 3 0 2 0 3 2 72
0 3 0 2 0 2 3 40
0 3 0 1 3 3 0 8
0 3 0 1 3 0 3 8
0 3 0 1 0 3 3 8
0 3 0 0 3 3 1 64
0 3 0 0 3 2 2 96
0 3 0 0 3 1 3 32
0 3 0 0 2 3 2 80
0 3 0 0 2 2 3 48
0 3 0 0 1 3 3 16
0 2 3 3 2 0 0 18
0 2 3 3 0 2 0 34
0 2 3 3 0 0 2 66
0 2 3 2 3 0 0 10
0 2 3 2 0 3 0 10
0 2 3 2 0 0 3 10
0 2 3 0 3 2 0 34
0 2 3 0 3 0 2 66
0 2 3 0 2 3 0 18
0 2 3 0 2 0 3 18
0 2 3 0 0 3 2 66
0 2 3 0 0 2 3 34
0 2 2 3 3 0 0 6
0 2 2 3 0 3 0 6
0 2 2 3 0 0 3 6
0 2 2 0 3 3 0 6
0 2 2 0 3 0 3 6
0 2 2 0 0 3 3 6
0 2 0 3 3 2 0 34
0 2 0 3 3 0 2 66
0 2 0 3 2 3 0 18
0 2 0 3 2 0 3 18
0 2 0 3 0 3 2 66
0 2 0 3 0 2 3 34
0 2 0 2 3 3 0 10
0 2 0 2 3 0 3 10
0 2 0 2 0 3 3 10
0 2 0 0 3 3 2 66
0 2 0 0 3 2 3 34
0 2 0 0 2 3 3 18
0 1 3 3 3 0 0 2
0 1 3 3 0 3 0 2
0 1 3 3 0 0 3 2
0 1 3 0 3 3 0 2
0 1 3 0 3 0 3 2
0 1 3 0 0 3 3 2
0 1 0 3 3 3 0 2
0 1 0 3 3 0 3 2
0 1 0 3 0 3 3 2
0 1 0 0 3 3 3 2
0 0 3 3 3 1 0 32
0 0 3 3 3 0 1 64
0 0 3 3 2 2 0 48
0 0 3 3 2 0 2 80
0 0 3 3 1 3 0 16
0 0 3 3 1 0 3 16
0 0 3 3 0 3 1 64
0 0 3 3 0 2 2 96
0 0 3 3 0 1 3 32
0 0 3 2 3 2 0 40
0 0 3 2 3 0 2 72
0 0 3 2 2 3 0 24
0 0 3 2 2 0 3 24
0 0 3 2 0 3 2 72
0 0 3 2 0 2 3 40
0 0 3 1 3 3 0 8
0 0 3 1 3 0 3 8
0 0 3 1 0 3 3 8
0 0 3 0 3 3 1 64
0 0 3 0 3 2 2 96
0 0 3 0 3 1 3 32
0 0 3 0 2 3 2 80
0 0 3 0 2 2 3 48
0 0 3 0 1 3 3 16
0 0 2 3 3 2 0 36
0 0 2 3 3 0 2 68
0 0 2 3 2 3 0 20
0 0 2 3 2 0 3 20
0 0 2 3 0 3 2 68
0 0 2 3 0 2 3 36
0 0 2 2 3 3 0 12
0 0 2 2 3 0 3 12
0 0 2 2 0 3 3 12
0 0 2 0 3 3 2 68
0 0 2 0 3 2 3 36
0 0 2 0 2 3 3 20
0 0 1 3 3 3 0 4
0 0 1 3 3 0 3 4
0 0 1 3 0 3 3 4
0 0 1 0 3 3 3 4
0 0 0 3 3 3 1 64
0 0 0 3 3 2 2 96
0 0 0 3 3 1 3 32
0 0 0 3 2 3 2 80
0 0 0 3 2 2 3 48
0 0 0 3 1 3 3 16
0 0 0 2 3 3 2 72
0 0 0 2 3 2 3 40
0 0 0 2 2 3 3 24
0 0 0 1 3 3 3 8
3 3 3 3 1 0 0 16
3 3 3 3 0 1 0 32
3 3 3 3 0 0 1 64
3 3 3 2 2 0 0 24
3 3 3 2 0 2 0 40
3 3 3 2 0 0 2 72
3 3 3 1 3 0 0 8
3 3 3 1 0 3 0 8
3 3 3 1 0 0 3 8
3 3 3 0 3 1 0 32
3 3 3 0 3 0 1 64
3 3 3 0 2 2 0 48
3 3 3 0 2 0 2 80
3 3 3 0 1 3 0 16
3 3 3 0 1 0 3 16
3 3 3 0 0 3 1 64
3 3 3 0 0 2 2 96
3 3 3 0 0 1 3 32
3 3 2 3 2 0 0 20
3 3 2 3 0 2 0 36
3 3 2 3 0 0 2 68
3 3 2 2 3 0 0 12
3 3 2 2 0 3 0 12
3 3 2 2 0 0 3 12
3 3 2 0 3 2 0 36
3 3 2 0 3 0 2 68
3 3 2 0 2 3 0 20
3 3 2 0 2 0 3 20
3 3 2 0 0 3 2 68
3 3 2 0 0 2 3 36
3 3 1 3 3 0 0 4
3 3 1 3 0 3 0 4
3 3 1 3 0 0 3 4
3 3 1 0 3 3 0 4
3 3 1 0 3 0 3 4
3 3 1 0 0 3 3 4
3 3 0 3 3 1 0 32
3 3 0 3 3 0 1 64
3 3 0 3 2 2 0 48
3 3 0 3 2 0 2 80
3 3 0 3 1 3 0 16
3 3 0 3 1 0 3 16
3 3 0 3 0 3 1 64
3 3 0 3 0 2 2 96
3 3 0 3 0 1 3 32
3 3 0 2 3 2 0 40
3 3 0 2 3 0 2 72
3 3 0 2 2 3 0 24
3 3 0 2 2 0 3 24
3 3 0 2 0 3 2 72
3 3 0 2 0 2 3 40
3 3 0 1 3 3 0 8
3 3 0 1 3 0 3 8
3 3 0 1 0 3 3 8
3 3 0 0 3 3 1 64
3 3 0 0 3 2 2 96
3 3 0 0 3 1 3 32
3 3 0 0 2 3 2 80
3 3 0 0 2 2 3 48
3 3 0 0 1 3 3 16
3 2 3 3 2 0 0 18
3 2 3 3 0 2 0 34
3 2 3 3 0 0 2 66
3 2 3 2 3 0 0 10
3 2 3 2 0 3 0 10
3 2 3 2 0 0 3 10
3 2 3 0 3 2 0 34
3 2 3 0 3 0 2 66
3 2 3 0 2 3 0 18
3 2 3 0 2 0 3 18
3 2 3 0 0 3 2 66
3 2 3 0 0 2 3 34
3 2 2 3 3 0 0 6
3 2 2 3 0 3 0 6
3 2 2 3 0 0 3 6
3 2 2 0 3 3 0 6
3 2 2 0 3 0 3 6
3 2 2 0 0 3 3 6
3 2 0 3 3 2 0 34
3 2 0 3 3 0 2 66
3 2 0 3 2 3 0 18
3 2 0 3 2 0 3 18
3 2 0 3 0 3 2 66
3 2 0 3 0 2 3 34
3 2 0 2 3 3 0 10
3 2 0 2 3 0 3 10
3 2 0 2 0 3 3 10
3 2 0 0 3 3 2 66
3 2 0 0 3 2 3 34
3 2 0 0 2 3 3 18
3 1 3 3 3 0 0 2
3 1 3 3 0 3 0 2
3 1 3 3 0 0 3 2
3 1 3 0 3 3 0 2
3 1 3 0 3 0 3 2
3 1 3 0 0 3 3 2
3 1 0 3 3 3 0 2
3 1 0 3 3 0 3 2
3 1 0 3 0 3 3 2
3 1 0 0 3 3 3 2
3 0 3 3 3 1 0 32
3 0 3 3 3 0 1 64
3 0 3 3 2 2 0 48
3 0 3 3 2 0 2 80
3 0 3 3 1 3 0 16
3 0 3 3 1 0 3 16
3 0 3 3 0 3 1 64
3 0 3 3 0 2 2 96
3 0 3 3 0 1 3 32
3 0 3 2 3 2 0 40
3 0 3 2 3 0 2 72
3 0 3 2 2 3 0 24
3 0 3 2 2 0 3 24
3 0 3 2 0 3 2 72
3 0 3 2 0 2 3 40
3 0 3 1 3 3 0 8
3 0 3 1 3 0 3 8
3 0 3 1 0 3 3 8
3 0 3 0 3 3 1 64
3 0 3 0 3 2 2 96
3 0 3 0 3 1 3 32
3 0 3 0 2 3 2 80
3 0 3 0 2 2 3 48
3 0 3 0 1 3 3 16
3 0 2 3 3 2 0 36
3 0 2 3 3 0 2 68
3 0 2 3 2 3 0 20
3 0 2 3 2 0 3 20
3 0 2 3 0 3 2 68
3 0 2 3 0 2 3 36
3 0 2 2 3 3 0 12
3 0 2 2 3 0 3 12
3 0 2 2 0 3 3 12
3 0 2 0 3 3 2 68
3 0 2 0 3 2 3 36
3 0 2 0 2 3 3 20
3 0 1 3 3 3 0 4
3 0 1 3 3 0 3 4
3 0 1 3 0 3 3 4
3 0 1 0 3 3 3 4
3 0 0 3 3 3 1 64
3 0 0 3 3 2 2 96
3 0 0 3 3 1 3 32
3 0 0 3 2 3 2 80
3 0 0 3 2 2 3 48
3 0 0 3 1 3 3 16
3 0 0 2 3 3 2 72
3 0 0 2 3 2 3 40
3 0 0 2 2 3 3 24
3 0 0 1 3 3 3 8
2 3 3 3 2 0 0 17
2 3 3 3 0 2 0 33
2 3 3 3 0 0 2 65
2 3 3 2 3 0 0 9
2 3 3 2 0 3 0 9
2 3 3 2 0 0 3 9
2 3 3 0 3 2 0 33
2 3 3 0 3 0 2 65
2 3 3 0 2 3 0 17
2 3 3 0 2 0 3 17
2 3 3 0 0 3 2 65
2 3 3 0 0 2 3 33
2 3 2 3 3 0 0 5
2 3 2 3 0 3 0 5
2 3 2 3 0 0 3 5
2 3 2 0 3 3 0 5
2 3 2 0 3 0 3 5
2 3 2 0 0 3 3 5
2 3 0 3 3 2 0 33
2 3 0 3 3 0 2 65
2 3 0 3 2 3 0 17
2 3 0 3 2 0 3 17
2 3 0 3 0 3 2 65
2 3 0 3 0 2 3 33
2 3 0 2 3 3 0 9
2 3 0 2 3 0 3 9
2 3 0 2 0 3 3 9
2 3 0 0 3 3 2 65
2 3 0 0 3 2 3 33
2 3 0 0 2 3 3 17
2 2 3 3 3 0 0 3
2 2 3 3 0 3 0 3
2 2 3 3 0 0 3 3
2 2 3 0 3 3 0 3
2 2 3 0 3 0 3 3
2 2 3 0 0 3 3 3
2 2 0 3 3 3 0 3
2 2 0 3 3 0 3 3
2 2 0 3 0 3 3 3
2 2 0 0 3 3 3 3
2 0 3 3 3 2 0 33
2 0 3 3 3 0 2 65
2 0 3 3 2 3 0 17
2 0 3 3 2 0 3 17
2 0 3 3 0 3 2 65
2 0 3 3 0 2 3 33
2 0 3 2 3 3 0 9
2 0 3 2 3 0 3 9
2 0 3 2 0 3 3 9
2 0 3 0 3 3 2 65
2 0 3 0 3 2 3 33
2 0 3 0 2 3 3 17
2 0 2 3 3 3 0 5
2 0 2 3 3 0 3 5
2 0 2 3 0 3 3 5
2 0 2 0 3 3 3 5
2 0 0 3 3 3 2 65
2 0 0 3 3 2 3 33
2 0 0 3 2 3 3 17
2 0 0 2 3 3 3 9
1 3 3 3 3 0 0 1
1 3 3 3 0 3 0 1
1 3 3 3 0 0 3 1
1 3 3 0 3 3 0 1
1 3 3 0 3 0 3 1
1 3 3 0 0 3 3 1
1 3 0 3 3 3 0 1
1 3 0 3 3 0 3 1
1 3 0 3 0 3 3 1
1 3 0 0 3 3 3 1
1 0 3 3 3 3 0 1
1 0 3 3 3 0 3 1
1 0 3 3 0 3 3 1
1 0 3 0 3 3 3 1
1 0 0 3 3 3 3 1
0 3 3 3 3 1 0 32
0 3 3 3 3 0 1 64
0 3 3 3 2 2 0 48
0 3 3 3 2 0 2 80
0 3 3 3 1 3 0 16
0 3 3 3 1 0 3 16
0 3 3 3 0 3 1 64
0 3 3 3 0 2 2 96
0 3 3 3 0 1 3 32
0 3 3 2 3 2 0 40
0 3 3 2 3 0 2 72
0 3 3 2 2 3 0 24
0 3 3 2 2 0 3 24
0 3 3 2 0 3 2 72
0 3 3 2 0 2 3 40
0 3 3 1 3 3 0 8
0 3 3 1 3 0 3 8
0 3 3 1 0 3 3 8
0 3 3 0 3 3 1 64
0 3 3 0 3 2 2 96
0 3 3 0 3 1 3 32
0 3 3 0 2 3 2 80
0 3 3 0 2 2 3 48
0 3 3 0 1 3 3 16
0 3 2 3 3 2 0 36
0 3 2 3 3 0 2 68
0 3 2 3 2 3 0 20
0 3 2 3 2 0 3 20
0 3 2 3 0 3 2 68
0 3 2 3 0 2 3 36
0 3 2 2 3 3 0 12
0 3 2 2 3 0 3 12
0 3 2 2 0 3 3 12
0 3 2 0 3 3 2 68
0 3 2 0 3 2 3 36
0 3 2 0 2 3 3 20
0 3 1 3 3 3 0 4
0 3 1 3 3 0 3 4
0 3 1 3 0 3 3 4
0 3 1 0 3 3 3 4
0 3 0 3 3 3 1 64
0 3 0 3 3 2 2 96
0 3 0 3 3 1 3 32
0 3 0 3 2 3 2 80
0 3 0 3 2 2 3 48
0 3 0 3 1 3 3 16
0 3 0 2 3 3 2 72
0 3 0 2 3 2 3 40
0 3 0 2 2 3 3 24
0 3 0 1 3 3 3 8
0 2 3 3 3 2 0 34
0 2 3 3 3 0 2 66
0 2 3 3 2 3 0 18
0 2 3 3 2 0 3 18
0 2 3 3 0 3 2 66
0 2 3 3 0 2 3 34
0 2 3 2 3 3 0 10
0 2 3 2 3 0 3 10
0 2 3 2 0 3 3 10
0 2 3 0 3 3 2 66
0 2 3 0 3 2 3 34
0 2 3 0 2 3 3 18
0 2 2 3 3 3 0 6
0 2 2 3 3 0 3 6
0 2 2 3 0 3 3 6
0 2 2 0 3 3 3 6
0 2 0 3 3 3 2 66
0 2 0 3 3 2 3 34
0 2 0 3 2 3 3 18
0 2 0 2 3 3 3 10
0 1 3 3 3 3 0 2
0 1 3 3 3 0 3 2
0 1 3 3 0 3 3 2
0 1 3 0 3 3 3 2
0 1 0 3 3 3 3 2
0 0 3 3 3 3 1 64
0 0 3 3 3 2 2 96
0 0 3 3 3 1 3 32
0 0 3 3 2 3 2 80
0 0 3 3 2 2 3 48
0 0 3 3 1 3 3 16
0 0 3 2 3 3 2 72
0 0 3 2 3 2 3 40
0 0 3 2 2 3 3 24
0 0 3 1 3 3 3 8
0 0 2 3 3 3 2 68
0 0 2 3 3 2 3 36
0 0 2 3 2 3 3 20
0 0 2 2 3 3 3 12
0 0 1 3 3 3 3 4
