2 0 0 0 0 0 0 1
0 2 0 0 0 0 0 2
0 0 2 0 0 0 0 4
0 0 0 2 0 0 0 8
0 0 0 0 2 0 0 16
0 0 0 0 0 2 0 32
0 0 0 0 0 0 2 64
3 2 0 0 0 0 0 2
3 0 2 0 0 0 0 4
3 0 0 2 0 0 0 8
3 0 0 0 2 0 0 16
3 0 0 0 0 2 0 32
3 0 0 0 0 0 2 64
2 3 0 0 0 0 0 1
2 0 3 0 0 0 0 1
2 0 0 3 0 0 0 1
2 0 0 0 3 0 0 1
2 0 0 0 0 3 0 1
2 0 0 0 0 0 3 1
0 3 2 0 0 0 0 4
0 3 0 2 0 0 0 8
0 3 0 0 2 0 0 16
0 3 0 0 0 2 0 32
0 3 0 0 0 0 2 64
0 2 3 0 0 0 0 2
0 2 0 3 0 0 0 2
0 2 0 0 3 0 0 2
0 2 0 0 0 3 0 2
0 2 0 0 0 0 3 2
0 0 3 2 0 0 0 8
0 0 3 0 2 0 0 16
0 0 3 0 0 2 0 32
0 0 3 0 0 0 2 64
0 0 2 3 0 0 0 4
0 0 2 0 3 0 0 4
0 0 2 0 0 3 0 4
0 0 2 0 0 0 3 4
0 0 0 3 2 0 0 16
0 0 0 3 0 2 0 32
0 0 0 3 0 0 2 64
0 0 0 2 3 0 0 8
0 0 0 2 0 3 0 8
0 0 0 2 0 0 3 8
0 0 0 0 3 2 0 32
0 0 0 0 3 0 2 64
0 0 0 0 2 3 0 16
0 0 0 0 2 0 3 16
0 0 0 0 0 3 2 64
0 0 0 0 0 2 3 32
3 3 2 0 0 0 0 4
3 3 0 2 0 0 0 8
3 3 0 0 2 0 0 16
3 3 0 0 0 2 0 32
3 3 0 0 0 0 2 64
3 2 3 0 0 0 0 2
3 2 0 3 0 0 0 2
3 2 0 0 3 0 0 2
3 2 0 0 0 3 0 2
3 2 0 0 0 0 3 2
3 0 3 2 0 0 0 8
3 0 3 0 2 0 0 16
3 0 3 0 0 2 0 32
3 0 3 0 0 0 2 64
3 0 2 3 0 0 0 4
3 0 2 0 3 0 0 4
3 0 2 0 0 3 0 4
3 0 2 0 0 0 3 4
3 0 0 3 2 0 0 16
3 0 0 3 0 2 0 32
3 0 0 3 0 0 2 64
3 0 0 2 3 0 0 8
3 0 0 2 0 3 0 8
3 0 0 2 0 0 3 8
3 0 0 0 3 2 0 32
3 0 0 0 3 0 2 64
3 0 0 0 2 3 0 16
3 0 0 0 2 0 3 16
3 0 0 0 0 3 2 64
3 0 0 0 0 2 3 32
2 3 3 0 0 0 0 1
2 3 0 3 0 0 0 1
2 3 0 0 3 0 0 1
2 3 0 0 0 3 0 1
2 3 0 0 0 0 3 1
2 0 3 3 0 0 0 1
2 0 3 0 3 0 0 1
2 0 3 0 0 3 0 1
2 0 3 0 0 0 3 1
2 0 0 3 3 0 0 1
2 0 0 3 0 3 0 1
2 0 0 3 0 0 3 1
2 0 0 0 3 3 0 1
2 0 0 0 3 0 3 1
2 0 0 0 0 3 3 1
0 3 3 2 0 0 0 8
0 3 3 0 2 0 0 16
0 3 3 0 0 2 0 32
0 3 3 0 0 0 2 64
0 3 2 3 0 0 0 4
0 3 2 0 3 0 0 4
0 3 2 0 0 3 0 4
0 3 2 0 0 0 3 4
0 3 0 3 2 0 0 16
0 3 0 3 0 2 0 32
0 3 0 3 0 0 2 64
0 3 0 2 3 0 0 8
0 3 0 2 0 3 0 8
0 3 0 2 0 0 3 8
0 3 0 0 3 2 0 32
0 3 0 0 3 0 2 64
0 3 0 0 2 3 0 16
0 3 0 0 2 0 3 16
0 3 0 0 0 3 2 64
0 3 0 0 0 2 3 32
0 2 3 3 0 0 0 2
0 2 3 0 3 0 0 2
0 2 3 0 0 3 0 2
0 2 3 0 0 0 3 2
0 2 0 3 3 0 0 2
0 2 0 3 0 3 0 2
0 2 0 3 0 0 3 2
0 2 0 0 3 3 0 2
0 2 0 0 3 0 3 2
0 2 0 0 0 3 3 2
0 0 3 3 2 0 0 16
0 0 3 3 0 2 0 32
0 0 3 3 0 0 2 64
0 0 3 2 3 0 0 8
0 0 3 2 0 3 0 8
0 0 3 2 0 0 3 8
0 0 3 0 3 2 0 32
0 0 3 0 3 0 2 64
0 0 3 0 2 3 0 16
0 0 3 0 2 0 3 16
0 0 3 0 0 3 2 64
0 0 3 0 0 2 3 32
0 0 2 3 3 0 0 4
0 0 2 3 0 3 0 4
0 0 2 3 0 0 3 4
0 0 2 0 3 3 0 4
0 0 2 0 3 0 3 4
0 0 2 0 0 3 3 4
0 0 0 3 3 2 0 32
0 0 0 3 3 0 2 64
0 0 0 3 2 3 0 16
0 0 0 3 2 0 3 16
0 0 0 3 0 3 2 64
0 0 0 3 0 2 3 32
0 0 0 2 3 3 0 8
0 0 0 2 3 0 3 8
0 0 0 2 0 3 3 8
0 0 0 0 3 3 2 64
0 0 0 0 3 2 3 32
0 0 0 0 2 3 3 16
3 3 3 2 0 0 0 8
3 3 3 0 2 0 0 16
3 3 3 0 0 2 0 32
3 3 3 0 0 0 2 64
3 3 2 3 0 0 0 4
3 3 2 0 3 0 0 4
3 3 2 0 0 3 0 4
3 3 2 0 0 0 3 4
3 3 0 3 2 0 0 16
3 3 0 3 0 2 0 32
3 3 0 3 0 0 2 64
3 3 0 2 3 0 0 8
3 3 0 2 0 3 0 8
3 3 0 2 0 0 3 8
3 3 0 0 3 2 0 32
3 3 0 0 3 0 2 64
3 3 0 0 2 3 0 16
3 3 0 0 2 0 3 16
3 3 0 0 0 3 2 64
3 3 0 0 0 2 3 32
3 2 3 3 0 0 0 2
3 2 3 0 3 0 0 2
3 2 3 0 0 3 0 2
3 2 3 0 0 0 3 2
3 2 0 3 3 0 0 2
3 2 0 3 0 3 0 2
3 2 0 3 0 0 3 2
3 2 0 0 3 3 0 2
3 2 0 0 3 0 3 2
3 2 0 0 0 3 3 2
3 0 3 3 2 0 0 16
3 0 3 3 0 2 0 32
3 0 3 3 0 0 2 64
3 0 3 2 3 0 0 8
3 0 3 2 0 3 0 8
3 0 3 2 0 0 3 8
3 0 3 0 3 2 0 32
3 0 3 0 3 0 2 64
3 0 3 0 2 3 0 16
3 0 3 0 2 0 3 16
3 0 3 0 0 3 2 64
3 0 3 0 0 2 3 32
3 0 2 3 3 0 0 4
3 0 2 3 0 3 0 4
3 0 2 3 0 0 3 4
3 0 2 0 3 3 0 4
3 0 2 0 3 0 3 4
3 0 2 0 0 3 3 4
3 0 0 3 3 2 0 32
3 0 0 3 3 0 2 64
3 0 0 3 2 3 0 16
3 0 0 3 2 0 3 16
3 0 0 3 0 3 2 64
3 0 0 3 0 2 3 32
3 0 0 2 3 3 0 8
3 0 0 2 3 0 3 8
3 0 0 2 0 3 3 8
3 0 0 0 3 3 2 64
3 0 0 0 3 2 3 32
3 0 0 0 2 3 3 16
2 3 3 3 0 0 0 1
2 3 3 0 3 0 0 1
2 3 3 0 0 3 0 1
2 3 3 0 0 0 3 1
2 3 0 3 3 0 0 1
2 3 0 3 0 3 0 1
2 3 0 3 0 0 3 1
2 3 0 0 3 3 0 1
2 3 0 0 3 0 3 1
2 3 0 0 0 3 3 1
2 0 3 3 3 0 0 1
2 0 3 3 0 3 0 1
2 0 3 3 0 0 3 1
2 0 3 0 3 3 0 1
2 0 3 0 3 0 3 1
2 0 3 0 0 3 3 1
2 0 0 3 3 3 0 1
2 0 0 3 3 0 3 1
2 0 0 3 0 3 3 1
2 0 0 0 3 3 3 1
0 3 3 3 2 0 0 16
0 3 3 3 0 2 0 32
0 3 3 3 0 0 2 64
0 3 3 2 3 0 0 8
0 3 3 2 0 3 0 8
0 3 3 2 0 0 3 8
0 3 3 0 3 2 0 32
0 3 3 0 3 0 2 64
0 3 3 0 2 3 0 16
0 3 3 0 2 0 3 16
0 3 3 0 0 3 2 64
0 3 3 0 0 2 3 32
0 3 2 3 3 0 0 4
0 3 2 3 0 3 0 4
0 3 2 3 0 0 3 4
0 3 2 0 3 3 0 4
0 3 2 0 3 0 3 4
0 3 2 0 0 3 3 4
0 3 0 3 3 2 0 32
0 3 0 3 3 0 2 64
0 3 0 3 2 3 0 16
0 3 0 3 2 0 3 16
0 3 0 3 0 3 2 64
0 3 0 3 0 2 3 32
0 3 0 2 3 3 0 8
0 3 0 2 3 0 3 8
0 3 0 2 0 3 3 8
0 3 0 0 3 3 2 64
0 3 0 0 3 2 3 32
0 3 0 0 2 3 3 16
0 2 3 3 3 0 0 2
0 2 3 3 0 3 0 2
0 2 3 3 0 0 3 2
0 2 3 0 3 3 0 2
0 2 3 0 3 0 3 2
0 2 3 0 0 3 3 2
0 2 0 3 3 3 0 2
0 2 0 3 3 0 3 2
0 2 0 3 0 3 3 2
0 2 0 0 3 3 3 2
0 0 3 3 3 2 0 32
0 0 3 3 3 0 2 64
0 0 3 3 2 3 0 16
0 0 3 3 2 0 3 16
0 0 3 3 0 3 2 64
0 0 3 3 0 2 3 32
0 0 3 2 3 3 0 8
0 0 3 2 3 0 3 8
0 0 3 2 0 3 3 8
0 0 3 0 3 3 2 64
0 0 3 0 3 2 3 32
0 0 3 0 2 3 3 16
0 0 2 3 3 3 0 4
0 0 2 3 3 0 3 4
0 0 2 3 0 3 3 4
0 0 2 0 3 3 3 4
0 0 0 3 3 3 2 64
0 0 0 3 3 2 3 32
0 0 0 3 2 3 3 16
0 0 0 2 3 3 3 8
